%Date etc_1_am etc_1_pm slope_1_am slope_1_pm  etc_2_am etc_2_pm slope_2_am slope_2_pm detc_1_am detc_1_pm dslope_1_am dslope_1_pm  detc_2_am detc_2_pm dslope_2_am dslope_2_p
736330.000000 1640.5    NaN  916.61     NaN 1640.5    NaN  916.61     NaN    27.5    NaN  918.29     NaN   27.5    NaN  918.29     NaN 
736332.000000 1606.5 1628.2  915.89  898.60 1606.5 1628.2  915.89  898.60    -1.6   17.8  915.07  898.65   -1.6   17.8  915.07  898.65 
736333.000000 1613.7 1616.9  873.64  878.07 1613.7 1616.9  873.64  878.07     3.8    4.8  873.65  879.27    3.8    4.8  873.65  879.27 
736336.000000 1599.1    NaN  882.54     NaN 1599.1    NaN  882.54     NaN   -10.8    NaN  882.51     NaN  -10.8    NaN  882.51     NaN 
736337.000000 1621.3    NaN  831.60     NaN 1621.3    NaN  831.60     NaN    10.0    NaN  832.21     NaN   10.0    NaN  832.21     NaN 
736339.000000 1577.7 1591.8  877.81  870.73 1577.7 1591.8  877.81  870.73   -35.0  -21.6  879.10  872.52  -35.0  -21.6  879.10  872.52 
736340.000000 1611.0 1635.0  849.73  834.30 1611.0 1635.0  849.73  834.30    -3.4   26.0  851.81  833.97   -3.4   26.0  851.81  833.97 
736341.000000    NaN 1615.9     NaN  872.77    NaN 1615.9     NaN  872.77     NaN    3.5     NaN  873.88    NaN    3.5     NaN  873.88 
736349.000000 1629.9    NaN  977.33     NaN 1629.9    NaN  977.33     NaN    26.0    NaN  974.61     NaN   26.0    NaN  974.61     NaN 
736351.000000 1640.5    NaN  881.89     NaN 1640.5    NaN  881.89     NaN    31.3    NaN  881.62     NaN   31.3    NaN  881.62     NaN 
736356.000000 1623.0    NaN  919.35     NaN 1623.0    NaN  919.35     NaN    13.3    NaN  919.16     NaN   13.3    NaN  919.16     NaN 
736360.000000 1621.7 1615.8  862.99  873.45 1621.7 1615.8  862.99  873.45    14.8    6.4  861.58  873.13   14.8    6.4  861.58  873.13 
736372.000000 1618.8    NaN  949.75     NaN 1618.8    NaN  949.75     NaN    11.6    NaN  948.21     NaN   11.6    NaN  948.21     NaN 
736375.000000 1611.7 1628.0  922.73  917.44 1611.7 1628.0  922.73  917.44     2.9   18.3  922.20  917.38    2.9   18.3  922.20  917.38 
736377.000000 1580.5    NaN  924.54     NaN 1580.5    NaN  924.54     NaN   -27.4    NaN  923.58     NaN  -27.4    NaN  923.58     NaN 
736390.000000 1600.0    NaN 1067.21     NaN 1600.0    NaN 1067.21     NaN   -12.4    NaN 1068.41     NaN  -12.4    NaN 1068.41     NaN 
736393.000000 1626.3    NaN  970.31     NaN 1626.3    NaN  970.31     NaN    18.5    NaN  969.40     NaN   18.5    NaN  969.40     NaN 
736396.000000 1602.6 1623.9 1058.55 1040.37 1602.6 1623.9 1058.55 1040.37    -6.0   14.8 1057.98 1040.01   -6.0   14.8 1057.98 1040.01 
736398.000000 1599.4    NaN 1156.82     NaN 1599.4    NaN 1156.82     NaN   -13.2    NaN 1155.96     NaN  -13.2    NaN 1155.96     NaN 
736400.000000 1599.7    NaN  977.70     NaN 1599.7    NaN  977.70     NaN   -14.9    NaN  977.24     NaN  -14.9    NaN  977.24     NaN 
736404.000000 1609.9 1624.6 1009.69  993.39 1609.9 1624.6 1009.69  993.39    -4.0    8.8 1008.87  994.37   -4.0    8.8 1008.87  994.37 
736408.000000 1602.5 1595.1  979.75  983.58 1602.5 1595.1  979.75  983.58   -16.2  -21.2  981.70  984.15  -16.2  -21.2  981.70  984.15 
736411.000000 1622.0    NaN 1103.44     NaN 1622.0    NaN 1103.44     NaN     8.2    NaN 1102.93     NaN    8.2    NaN 1102.93     NaN 
736416.000000 1617.3    NaN 1067.28     NaN 1617.3    NaN 1067.28     NaN    -3.8    NaN 1070.55     NaN   -3.8    NaN 1070.55     NaN 
736421.000000 1635.7    NaN  988.83     NaN 1635.7    NaN  988.83     NaN    18.8    NaN  989.48     NaN   18.8    NaN  989.48     NaN 
736424.000000    NaN 1634.4     NaN 1105.40    NaN 1634.4     NaN 1105.40     NaN   19.5     NaN 1105.18    NaN   19.5     NaN 1105.18 
736429.000000 1613.8    NaN 1006.00     NaN 1613.8    NaN 1006.00     NaN    -3.5    NaN 1007.62     NaN   -3.5    NaN 1007.62     NaN 
736432.000000    NaN 1629.5     NaN 1063.39    NaN 1629.5     NaN 1063.39     NaN   17.0     NaN 1062.02    NaN   17.0     NaN 1062.02 
736433.000000 1626.5    NaN 1037.42     NaN 1626.5    NaN 1037.42     NaN    11.0    NaN 1037.47     NaN   11.0    NaN 1037.47     NaN 
736440.000000 1604.7    NaN 1004.26     NaN 1604.7    NaN 1004.26     NaN   -12.6    NaN 1005.47     NaN  -12.6    NaN 1005.47     NaN 
736443.000000 1611.9    NaN  988.81     NaN 1611.9    NaN  988.81     NaN    -2.9    NaN  988.84     NaN   -2.9    NaN  988.84     NaN 
736463.000000    NaN 1624.8     NaN  997.88    NaN 1624.8     NaN  997.88     NaN   12.5     NaN  996.49    NaN   12.5     NaN  996.49 
736464.000000 1614.3    NaN 1011.40     NaN 1614.3    NaN 1011.40     NaN    -4.6    NaN 1013.59     NaN   -4.6    NaN 1013.59     NaN 
736465.000000 1609.9    NaN 1011.72     NaN 1609.9    NaN 1011.72     NaN    -3.6    NaN 1010.79     NaN   -3.6    NaN 1010.79     NaN 
736467.000000 1615.2    NaN 1047.08     NaN 1615.2    NaN 1047.08     NaN     1.0    NaN 1046.59     NaN    1.0    NaN 1046.59     NaN 
736468.000000 1601.0 1613.1 1058.72 1061.00 1601.0 1613.1 1058.72 1061.00   -13.8   -6.2 1058.94 1063.07  -13.8   -6.2 1058.94 1063.07 
736469.000000 1613.9 1595.3 1045.85 1081.93 1613.9 1595.3 1045.85 1081.93     1.9  -16.1 1044.48 1079.89    1.9  -16.1 1044.48 1079.89 
736471.000000 1609.4 1635.5 1111.37 1082.30 1609.4 1635.5 1111.37 1082.30    -5.4   23.5 1110.93 1080.63   -5.4   23.5 1110.93 1080.63 
736473.000000 1607.6 1626.8 1056.28 1030.62 1607.6 1626.8 1056.28 1030.62    -3.7   14.1 1054.15 1029.62   -3.7   14.1 1054.15 1029.62 
736474.000000 1620.6 1604.3 1024.81 1049.27 1620.6 1604.3 1024.81 1049.27     6.2   -9.1 1024.54 1048.41    6.2   -9.1 1024.54 1048.41 
736475.000000 1627.0 1613.5 1035.14 1036.17 1627.0 1613.5 1035.14 1036.17     9.5    3.0 1036.61 1033.88    9.5    3.0 1036.61 1033.88 
736479.000000 1610.9    NaN  943.34     NaN 1610.9    NaN  943.34     NaN    -2.5    NaN  942.71     NaN   -2.5    NaN  942.71     NaN 
736480.000000 1613.0 1612.4  952.50  959.32 1613.0 1612.4  952.50  959.32    -4.4   -3.3  953.80  959.63   -4.4   -3.3  953.80  959.63 
736481.000000 1621.6 1621.9  945.88  950.04 1621.6 1621.9  945.88  950.04     5.0    5.1  946.71  950.91    5.0    5.1  946.71  950.91 
736483.000000 1594.9 1630.0  970.04  953.08 1594.9 1630.0  970.04  953.08   -17.0   13.6  968.24  953.89  -17.0   13.6  968.24  953.89 
736484.000000    NaN 1615.3     NaN  977.29    NaN 1615.3     NaN  977.29     NaN    0.7     NaN  977.09    NaN    0.7     NaN  977.09 
736485.000000 1602.0 1625.5  979.90  970.06 1602.0 1625.5  979.90  970.06    -4.6   11.1  975.77  970.14   -4.6   11.1  975.77  970.14 
736487.000000 1618.0    NaN  981.17     NaN 1618.0    NaN  981.17     NaN    -3.0    NaN  984.26     NaN   -3.0    NaN  984.26     NaN 
736488.000000 1573.4    NaN  996.21     NaN 1573.4    NaN  996.21     NaN   -38.5    NaN  994.80     NaN  -38.5    NaN  994.80     NaN 
736494.000000    NaN 1611.9     NaN 1043.59    NaN 1611.9     NaN 1043.59     NaN    0.7     NaN 1041.57    NaN    0.7     NaN 1041.57 
736495.000000 1610.8    NaN 1025.86     NaN 1610.8    NaN 1025.86     NaN    -0.2    NaN 1024.04     NaN   -0.2    NaN 1024.04     NaN 
736496.000000 1622.3 1615.3  965.60  960.44 1622.3 1615.3  965.60  960.44     4.9    3.4  966.83  958.65    4.9    3.4  966.83  958.65 
736497.000000 1605.2    NaN  968.20     NaN 1605.2    NaN  968.20     NaN    -6.0    NaN  965.96     NaN   -6.0    NaN  965.96     NaN 
736499.000000 1610.2 1613.9  942.20  945.06 1610.2 1613.9  942.20  945.06    -1.2   -1.5  940.51  945.20   -1.2   -1.5  940.51  945.20 
736500.000000 1621.6 1622.8  941.56  944.51 1621.6 1622.8  941.56  944.51     6.8    9.1  941.54  943.97    6.8    9.1  941.54  943.97 
736501.000000 1625.9 1598.2  947.44  989.74 1625.9 1598.2  947.44  989.74    11.8  -16.6  946.76  989.82   11.8  -16.6  946.76  989.82 
736502.000000 1612.1 1611.9  980.21  993.36 1612.1 1611.9  980.21  993.36     1.1   -2.2  977.98  992.89    1.1   -2.2  977.98  992.89 
736508.000000 1598.0 1616.5 1021.99 1013.85 1598.0 1616.5 1021.99 1013.85   -14.8    0.1 1020.85 1014.64  -14.8    0.1 1020.85 1014.64 
736509.000000 1593.0 1606.0  982.21  985.53 1593.0 1606.0  982.21  985.53   -20.1   -8.7  981.18  985.18  -20.1   -8.7  981.18  985.18 
736510.000000 1617.3 1608.4  981.59  990.67 1617.3 1608.4  981.59  990.67     0.4   -5.8  982.74  990.36    0.4   -5.8  982.74  990.36 
736511.000000 1611.8 1595.4  999.10 1006.22 1611.8 1595.4  999.10 1006.22    -4.2  -19.4  999.46 1006.20   -4.2  -19.4  999.46 1006.20 
736512.000000 1611.7 1600.8  988.85 1004.92 1611.7 1600.8  988.85 1004.92    -3.7  -15.5  988.77 1005.52   -3.7  -15.5  988.77 1005.52 
736513.000000 1631.9 1617.1  974.88  991.43 1631.9 1617.1  974.88  991.43    18.9    3.2  973.85  990.65   18.9    3.2  973.85  990.65 
736514.000000    NaN 1630.1     NaN  968.91    NaN 1630.1     NaN  968.91     NaN   15.4     NaN  968.78    NaN   15.4     NaN  968.78 
736515.000000 1622.6 1615.2  964.23  986.53 1622.6 1615.2  964.23  986.53     6.7   -1.7  964.71  987.61    6.7   -1.7  964.71  987.61 
736516.000000 1616.7 1613.2  972.80  975.16 1616.7 1613.2  972.80  975.16     2.6   -4.8  972.52  976.64    2.6   -4.8  972.52  976.64 
736517.000000 1604.0 1606.7  969.36  967.96 1604.0 1606.7  969.36  967.96    -7.7   -8.3  967.49  967.93   -7.7   -8.3  967.49  967.93 
736518.000000 1608.8 1619.1  953.94  957.17 1608.8 1619.1  953.94  957.17    -4.7    3.5  953.37  957.27   -4.7    3.5  953.37  957.27 
736519.000000 1607.2 1611.8  973.70  975.80 1607.2 1611.8  973.70  975.80    -5.7   -3.9  972.58  975.99   -5.7   -3.9  972.58  975.99 
736520.000000 1606.6 1610.9  976.21  980.80 1606.6 1610.9  976.21  980.80    -8.1   -4.8  975.75  981.41   -8.1   -4.8  975.75  981.41 
736521.000000 1614.4    NaN  961.84     NaN 1614.4    NaN  961.84     NaN    -0.1    NaN  961.55     NaN   -0.1    NaN  961.55     NaN 
736522.000000 1605.1 1603.0  974.85  979.89 1605.1 1603.0  974.85  979.89   -11.4  -13.4  975.39  980.42  -11.4  -13.4  975.39  980.42 
736523.000000 1610.9    NaN  984.12     NaN 1610.9    NaN  984.12     NaN    -7.4    NaN  985.45     NaN   -7.4    NaN  985.45     NaN 
736528.000000 1613.5 1623.0  982.24  989.35 1613.5 1623.0  982.24  989.35     0.2    7.4  981.31  989.64    0.2    7.4  981.31  989.64 
736529.000000 1618.7    NaN  979.60     NaN 1618.7    NaN  979.60     NaN     5.9    NaN  978.74     NaN    5.9    NaN  978.74     NaN 
736539.000000 1615.4    NaN  992.70     NaN 1615.4    NaN  992.70     NaN     1.4    NaN  992.17     NaN    1.4    NaN  992.17     NaN 
736540.000000 1605.2    NaN  989.53     NaN 1605.2    NaN  989.53     NaN    -8.9    NaN  989.02     NaN   -8.9    NaN  989.02     NaN 
736544.000000 1608.8 1617.1  968.06  971.35 1608.8 1617.1  968.06  971.35    -7.3    2.0  968.48  971.30   -7.3    2.0  968.48  971.30 
736545.000000 1621.0    NaN  953.95     NaN 1621.0    NaN  953.95     NaN     9.7    NaN  952.07     NaN    9.7    NaN  952.07     NaN 
736549.000000 1625.0 1628.2  976.26  976.55 1625.0 1628.2  976.26  976.55     9.9   14.7  976.17  976.03    9.9   14.7  976.17  976.03 
736550.000000 1603.1 1630.1 1019.28 1009.35 1603.1 1630.1 1019.28 1009.35   -10.7   15.9 1018.61 1008.91  -10.7   15.9 1018.61 1008.91 
736554.000000 1616.1 1599.4  953.07  969.95 1616.1 1599.4  953.07  969.95     2.4  -14.5  952.58  969.54    2.4  -14.5  952.58  969.54 
736555.000000 1591.6 1602.5  968.34  974.72 1591.6 1602.5  968.34  974.72   -17.9  -14.4  965.59  975.74  -17.9  -14.4  965.59  975.74 
736556.000000 1618.5 1596.4  965.03  983.67 1618.5 1596.4  965.03  983.67     2.5  -19.7  965.44  983.89    2.5  -19.7  965.44  983.89 
736557.000000    NaN 1613.7     NaN  981.06    NaN 1613.7     NaN  981.06     NaN   -1.8     NaN  981.46    NaN   -1.8     NaN  981.46 
736558.000000 1613.2 1621.3  972.35  969.52 1613.2 1621.3  972.35  969.52    -2.5    6.3  972.63  969.82   -2.5    6.3  972.63  969.82 
736561.000000 1614.8 1609.9  980.49  993.83 1614.8 1609.9  980.49  993.83    -3.3   -7.0  982.07  995.09   -3.3   -7.0  982.07  995.09 
736562.000000 1617.1 1619.1  970.18  993.14 1617.1 1619.1  970.18  993.14     5.7    0.3  968.59  995.02    5.7    0.3  968.59  995.02 
736565.000000    NaN 1617.3     NaN  961.80    NaN 1617.3     NaN  961.80     NaN   -1.5     NaN  963.54    NaN   -1.5     NaN  963.54 
736566.000000 1613.2 1600.0  948.04  967.36 1613.2 1600.0  948.04  967.36    -2.4  -18.0  948.37  968.88   -2.4  -18.0  948.37  968.88 
736567.000000    NaN 1621.7     NaN  975.96    NaN 1621.7     NaN  975.96     NaN    5.2     NaN  976.90    NaN    5.2     NaN  976.90 
736568.000000 1616.9 1622.2  967.81  968.20 1616.9 1622.2  967.81  968.20     3.4   -0.3  966.79  972.06    3.4   -0.3  966.79  972.06 
736573.000000 1631.8 1604.5  937.98  979.42 1631.8 1604.5  937.98  979.42    20.5   -5.2  936.31  976.32   20.5   -5.2  936.31  976.32 
736574.000000 1609.0 1607.6  995.93 1004.66 1609.0 1607.6  995.93 1004.66    -3.5   -7.5  995.06 1004.84   -3.5   -7.5  995.06 1004.84 
736575.000000 1606.0    NaN 1019.21     NaN 1606.0    NaN 1019.21     NaN    -7.5    NaN 1018.50     NaN   -7.5    NaN 1018.50     NaN 
736576.000000    NaN 1605.0     NaN  976.68    NaN 1605.0     NaN  976.68     NaN  -11.5     NaN  977.44    NaN  -11.5     NaN  977.44 
736579.000000 1598.4    NaN  959.19     NaN 1598.4    NaN  959.19     NaN   -16.0    NaN  958.96     NaN  -16.0    NaN  958.96     NaN 
736580.000000 1619.8 1621.8  972.54  967.77 1619.8 1621.8  972.54  967.77     4.5    8.1  972.82  967.08    4.5    8.1  972.82  967.08 
736581.000000 1596.3 1625.2  967.53  926.40 1596.3 1625.2  967.53  926.40   -18.0   11.0  966.78  925.96  -18.0   11.0  966.78  925.96 
736582.000000 1611.0 1612.1  925.37  924.94 1611.0 1612.1  925.37  924.94    -4.5   -5.5  925.69  926.21   -4.5   -5.5  925.69  926.21 
736583.000000 1627.7 1604.4  922.32  941.64 1627.7 1604.4  922.32  941.64    15.4  -11.1  920.82  942.11   15.4  -11.1  920.82  942.11 
736584.000000 1620.9    NaN  938.14     NaN 1620.9    NaN  938.14     NaN     5.7    NaN  938.21     NaN    5.7    NaN  938.21     NaN 
736586.000000 1601.9    NaN  970.36     NaN 1601.9    NaN  970.36     NaN   -12.7    NaN  970.27     NaN  -12.7    NaN  970.27     NaN 
736587.000000 1595.5 1601.9  974.82  975.26 1595.5 1601.9  974.82  975.26   -20.1  -14.1  975.25  975.93  -20.1  -14.1  975.25  975.93 
736588.000000 1609.2 1609.5  961.56  955.30 1609.2 1609.5  961.56  955.30    -6.5   -5.3  962.12  955.25   -6.5   -5.3  962.12  955.25 
736589.000000 1637.5 1608.0  946.08  960.74 1637.5 1608.0  946.08  960.74    22.0   -5.8  946.31  959.94   22.0   -5.8  946.31  959.94 
736590.000000 1609.0    NaN  958.76     NaN 1609.0    NaN  958.76     NaN    -3.9    NaN  957.15     NaN   -3.9    NaN  957.15     NaN 
736592.000000    NaN 1608.4     NaN  926.97    NaN 1608.4     NaN  926.97     NaN   -2.0     NaN  924.61    NaN   -2.0     NaN  924.61 
736593.000000 1619.6 1605.3  909.91  928.91 1619.6 1605.3  909.91  928.91     2.5   -8.7  911.00  928.71    2.5   -8.7  911.00  928.71 
736594.000000 1585.8 1613.2  957.17  937.65 1585.8 1613.2  957.17  937.65   -24.9   -0.5  954.58  936.93  -24.9   -0.5  954.58  936.93 
736595.000000 1611.7 1599.8  940.49  955.33 1611.7 1599.8  940.49  955.33    -4.7  -17.2  940.92  956.68   -4.7  -17.2  940.92  956.68 
736596.000000 1616.9 1619.5  943.15  951.22 1616.9 1619.5  943.15  951.22     1.7    4.7  943.41  950.96    1.7    4.7  943.41  950.96 
736597.000000    NaN 1610.6     NaN  944.06    NaN 1610.6     NaN  944.06     NaN   -4.2     NaN  943.92    NaN   -4.2     NaN  943.92 
736598.000000 1609.6 1593.3  938.63  956.33 1609.6 1593.3  938.63  956.33    -6.9  -19.4  939.41  954.96   -6.9  -19.4  939.41  954.96 
736599.000000    NaN 1621.4     NaN  910.41    NaN 1621.4     NaN  910.41     NaN    3.5     NaN  912.46    NaN    3.5     NaN  912.46 
736600.000000    NaN 1602.8     NaN  911.93    NaN 1602.8     NaN  911.93     NaN  -11.7     NaN  911.54    NaN  -11.7     NaN  911.54 
736601.000000    NaN 1606.1     NaN  979.65    NaN 1606.1     NaN  979.65     NaN  -10.2     NaN  979.95    NaN  -10.2     NaN  979.95 
736602.000000    NaN 1632.8     NaN  961.67    NaN 1632.8     NaN  961.67     NaN   16.4     NaN  962.93    NaN   16.4     NaN  962.93 
736604.000000 1627.2 1612.3  941.47  947.00 1627.2 1612.3  941.47  947.00    14.2   -1.2  940.22  946.13   14.2   -1.2  940.22  946.13 
736610.000000    NaN 1609.8     NaN  906.92    NaN 1609.8     NaN  906.92     NaN   -3.5     NaN  906.03    NaN   -3.5     NaN  906.03 
736611.000000 1634.0    NaN  907.78     NaN 1634.0    NaN  907.78     NaN    19.6    NaN  907.72     NaN   19.6    NaN  907.72     NaN 
736612.000000    NaN 1615.4     NaN  927.01    NaN 1615.4     NaN  927.01     NaN    6.6     NaN  923.80    NaN    6.6     NaN  923.80 
736613.000000 1603.0 1623.1  917.95  890.08 1603.0 1623.1  917.95  890.08    -9.6    9.9  916.09  889.57   -9.6    9.9  916.09  889.57 
736614.000000 1621.8 1617.3  876.24  883.88 1621.8 1617.3  876.24  883.88     6.4    0.9  876.52  884.74    6.4    0.9  876.52  884.74 
736615.000000 1612.8 1617.4  918.48  915.36 1612.8 1617.4  918.48  915.36    -6.2    2.4  921.56  915.15   -6.2    2.4  921.56  915.15 
736616.000000    NaN 1634.1     NaN  907.91    NaN 1634.1     NaN  907.91     NaN   21.3     NaN  906.67    NaN   21.3     NaN  906.67 
736643.000000 1617.5 1595.8  936.83  950.94 1617.5 1595.8  936.83  950.94     2.9  -16.7  936.51  949.91    2.9  -16.7  936.51  949.91 
736650.000000 1624.5    NaN  929.09     NaN 1624.5    NaN  929.09     NaN    14.5    NaN  926.51     NaN   14.5    NaN  926.51     NaN 
736651.000000 1593.7    NaN  905.26     NaN 1593.7    NaN  905.26     NaN   -17.5    NaN  903.54     NaN  -17.5    NaN  903.54     NaN 
736654.000000 1641.0    NaN  929.26     NaN 1641.0    NaN  929.26     NaN    27.2    NaN  928.87     NaN   27.2    NaN  928.87     NaN 
736670.000000    NaN 1626.6     NaN  855.99    NaN 1626.6     NaN  855.99     NaN   12.1     NaN  855.83    NaN   12.1     NaN  855.83 
736674.000000    NaN 1639.4     NaN  912.06    NaN 1639.4     NaN  912.06     NaN   21.4     NaN  913.51    NaN   21.4     NaN  913.51 
736678.000000 1656.1 1584.1  876.05  923.19 1656.1 1584.1  876.05  923.19    41.2  -32.1  875.88  923.70   41.2  -32.1  875.88  923.70 
736679.000000 1631.9    NaN  877.69     NaN 1631.9    NaN  877.69     NaN    13.9    NaN  879.01     NaN   13.9    NaN  879.01     NaN 
736680.000000 1637.4    NaN  840.40     NaN 1637.4    NaN  840.40     NaN    26.4    NaN  838.40     NaN   26.4    NaN  838.40     NaN 
736696.000000 1648.2 1611.6  845.49  870.21 1648.2 1611.6  845.49  870.21    34.2   -1.3  844.95  869.45   34.2   -1.3  844.95  869.45 
736699.000000 1640.8    NaN  878.05     NaN 1640.8    NaN  878.05     NaN    26.6    NaN  877.65     NaN   26.6    NaN  877.65     NaN 
736701.000000    NaN 1582.0     NaN  975.12    NaN 1582.0     NaN  975.12     NaN  -29.6     NaN  973.76    NaN  -29.6     NaN  973.76 
736709.000000 1602.1 1621.3  922.98  920.50 1602.1 1621.3  922.98  920.50    -7.2    2.3  920.35  922.18   -7.2    2.3  920.35  922.18 
736714.000000 1642.8 1604.0  941.28  965.89 1642.8 1604.0  941.28  965.89    28.7  -13.9  940.96  967.52   28.7  -13.9  940.96  967.52 
736717.000000    NaN 1647.2     NaN  969.95    NaN 1647.2     NaN  969.95     NaN   32.7     NaN  969.71    NaN   32.7     NaN  969.71 
736722.000000 1583.3 1632.3  948.98  902.52 1583.3 1632.3  948.98  902.52   -31.4   16.5  948.62  902.84  -31.4   16.5  948.62  902.84 
736723.000000    NaN 1639.6     NaN  922.44    NaN 1639.6     NaN  922.44     NaN   24.7     NaN  922.29    NaN   24.7     NaN  922.29 
736724.000000 1596.2    NaN  938.35     NaN 1596.2    NaN  938.35     NaN    -7.9    NaN  933.18     NaN   -7.9    NaN  933.18     NaN 
736730.000000 1627.4 1628.5  888.50  881.55 1627.4 1628.5  888.50  881.55     9.3   15.5  889.88  880.87    9.3   15.5  889.88  880.87 
736731.000000 1617.5 1641.2  877.75  864.54 1617.5 1641.2  877.75  864.54     3.3   26.7  877.44  864.20    3.3   26.7  877.44  864.20 
736732.000000 1637.7 1604.9  879.96  904.35 1637.7 1604.9  879.96  904.35    23.8  -15.0  879.44  906.91   23.8  -15.0  879.44  906.91 
736733.000000 1623.8 1605.3  899.15  911.51 1623.8 1605.3  899.15  911.51     9.0  -11.0  898.89  912.31    9.0  -11.0  898.89  912.31 
736742.000000    NaN 1587.0     NaN  933.67    NaN 1587.0     NaN  933.67     NaN  -30.6     NaN  935.24    NaN  -30.6     NaN  935.24 
736743.000000    NaN 1626.6     NaN  951.17    NaN 1626.6     NaN  951.17     NaN   11.2     NaN  951.28    NaN   11.2     NaN  951.28 
736745.000000    NaN 1616.4     NaN  881.55    NaN 1616.4     NaN  881.55     NaN    1.5     NaN  881.60    NaN    1.5     NaN  881.60 
736748.000000 1589.9    NaN 1035.22     NaN 1589.9    NaN 1035.22     NaN   -22.1    NaN 1033.81     NaN  -22.1    NaN 1033.81     NaN 
736753.000000    NaN 1609.6     NaN 1030.13    NaN 1609.6     NaN 1030.13     NaN   -7.7     NaN 1031.59    NaN   -7.7     NaN 1031.59 
736758.000000    NaN 1633.1     NaN 1027.17    NaN 1633.1     NaN 1027.17     NaN   16.4     NaN 1028.12    NaN   16.4     NaN 1028.12 
736763.000000 1608.5 1608.0  899.13  898.11 1608.5 1608.0  899.13  898.11    -7.1   -8.0  899.70  898.62   -7.1   -8.0  899.70  898.62 
736765.000000    NaN 1608.4     NaN  921.15    NaN 1608.4     NaN  921.15     NaN   -6.6     NaN  921.30    NaN   -6.6     NaN  921.30 
736766.000000 1613.9 1615.6  932.50  935.89 1613.9 1615.6  932.50  935.89    -0.6   -2.8  932.18  937.82   -0.6   -2.8  932.18  937.82 
736767.000000    NaN 1603.1     NaN  974.70    NaN 1603.1     NaN  974.70     NaN  -11.4     NaN  974.38    NaN  -11.4     NaN  974.38 
736768.000000    NaN 1615.8     NaN 1000.39    NaN 1615.8     NaN 1000.39     NaN    0.5     NaN 1000.61    NaN    0.5     NaN 1000.61 
736782.000000 1614.1 1619.7 1022.72 1016.11 1614.1 1619.7 1022.72 1016.11     2.2    4.4 1021.35 1016.03    2.2    4.4 1021.35 1016.03 
736788.000000 1616.4 1610.2  973.21  984.19 1616.4 1610.2  973.21  984.19    -0.5  -10.8  974.11  987.17   -0.5  -10.8  974.11  987.17 
736789.000000 1626.2 1595.7  972.15  998.62 1626.2 1595.7  972.15  998.62    11.3  -20.6  972.00  999.49   11.3  -20.6  972.00  999.49 
736791.000000 1635.4    NaN 1083.62     NaN 1635.4    NaN 1083.62     NaN    15.3    NaN 1086.65     NaN   15.3    NaN 1086.65     NaN 
736792.000000 1605.2 1607.4 1056.64 1048.67 1605.2 1607.4 1056.64 1048.67   -11.2   -4.5 1057.33 1046.70  -11.2   -4.5 1057.33 1046.70 
736794.000000 1625.3 1607.1 1080.51 1098.79 1625.3 1607.1 1080.51 1098.79    10.0   -8.4 1080.88 1098.88   10.0   -8.4 1080.88 1098.88 
736798.000000    NaN 1597.6     NaN  998.38    NaN 1597.6     NaN  998.38     NaN  -16.0     NaN  998.02    NaN  -16.0     NaN  998.02 
736802.000000 1626.8    NaN  966.63     NaN 1626.8    NaN  966.63     NaN    11.0    NaN  967.26     NaN   11.0    NaN  967.26     NaN 
736804.000000 1603.8 1606.3 1020.20 1028.63 1603.8 1606.3 1020.20 1028.63    -9.6  -10.7 1019.57 1029.77   -9.6  -10.7 1019.57 1029.77 
736805.000000 1593.1    NaN 1035.70     NaN 1593.1    NaN 1035.70     NaN   -22.7    NaN 1036.05     NaN  -22.7    NaN 1036.05     NaN 
736806.000000 1606.1    NaN 1020.47     NaN 1606.1    NaN 1020.47     NaN   -10.2    NaN 1020.98     NaN  -10.2    NaN 1020.98     NaN 
736807.000000 1612.1    NaN 1001.24     NaN 1612.1    NaN 1001.24     NaN    -7.6    NaN 1003.52     NaN   -7.6    NaN 1003.52     NaN 
736818.000000    NaN 1600.5     NaN 1056.80    NaN 1600.5     NaN 1056.80     NaN  -16.1     NaN 1057.74    NaN  -16.1     NaN 1057.74 
736828.000000 1616.0 1636.9 1096.91 1095.16 1616.0 1636.9 1096.91 1095.16    -0.2   20.0 1097.18 1096.25   -0.2   20.0 1097.18 1096.25 
736833.000000 1623.1    NaN  935.91     NaN 1623.1    NaN  935.91     NaN     8.5    NaN  935.53     NaN    8.5    NaN  935.53     NaN 
736835.000000    NaN 1624.1     NaN  943.91    NaN 1624.1     NaN  943.91     NaN    6.5     NaN  945.45    NaN    6.5     NaN  945.45 
736837.000000 1628.2    NaN 1030.30     NaN 1628.2    NaN 1030.30     NaN    17.0    NaN 1028.40     NaN   17.0    NaN 1028.40     NaN 
736839.000000 1605.9 1621.4 1014.56 1012.56 1605.9 1621.4 1014.56 1012.56    -9.2    4.5 1014.78 1013.78   -9.2    4.5 1014.78 1013.78 
736841.000000    NaN 1633.8     NaN 1044.58    NaN 1633.8     NaN 1044.58     NaN   17.5     NaN 1045.36    NaN   17.5     NaN 1045.36 
736844.000000 1619.4 1603.9 1006.24 1035.97 1619.4 1603.9 1006.24 1035.97     4.9  -15.2 1006.27 1038.35    4.9  -15.2 1006.27 1038.35 
736845.000000    NaN 1607.7     NaN 1054.93    NaN 1607.7     NaN 1054.93     NaN  -12.5     NaN 1057.38    NaN  -12.5     NaN 1057.38 
736846.000000 1607.4 1606.0 1039.61 1052.25 1607.4 1606.0 1039.61 1052.25   -10.7  -10.1 1041.25 1052.62  -10.7  -10.1 1041.25 1052.62 
736847.000000 1609.4 1635.5 1042.48 1019.21 1609.4 1635.5 1042.48 1019.21    -5.1   20.3 1042.39 1019.53   -5.1   20.3 1042.39 1019.53 
736848.000000 1596.3 1594.6 1002.86 1003.87 1596.3 1594.6 1002.86 1003.87   -18.5  -19.7 1002.99 1003.48  -18.5  -19.7 1002.99 1003.48 
736849.000000 1620.3 1607.7 1004.25 1009.76 1620.3 1607.7 1004.25 1009.76     6.7   -7.8 1003.92 1009.94    6.7   -7.8 1003.92 1009.94 
736850.000000 1605.3 1619.5 1038.53 1036.72 1605.3 1619.5 1038.53 1036.72    -7.5    2.6 1037.30 1037.36   -7.5    2.6 1037.30 1037.36 
736854.000000 1622.5 1604.0  999.93 1021.66 1622.5 1604.0  999.93 1021.66     9.6  -10.7  998.94 1021.36    9.6  -10.7  998.94 1021.36 
736855.000000    NaN 1607.4     NaN  999.02    NaN 1607.4     NaN  999.02     NaN   -7.7     NaN  999.23    NaN   -7.7     NaN  999.23 
736856.000000 1625.9    NaN 1003.70     NaN 1625.9    NaN 1003.70     NaN    14.0    NaN 1002.03     NaN   14.0    NaN 1002.03     NaN 
736857.000000    NaN 1620.9     NaN 1018.84    NaN 1620.9     NaN 1018.84     NaN    9.2     NaN 1016.95    NaN    9.2     NaN 1016.95 
736860.000000 1601.1    NaN  989.43     NaN 1601.1    NaN  989.43     NaN   -12.6    NaN  988.92     NaN  -12.6    NaN  988.92     NaN 
736861.000000 1635.6 1595.7  959.73  979.45 1635.6 1595.7  959.73  979.45    23.2  -18.5  958.88  978.72   23.2  -18.5  958.88  978.72 
736862.000000 1627.2 1612.7  956.67  975.41 1627.2 1612.7  956.67  975.41    15.7   -2.4  954.82  975.53   15.7   -2.4  954.82  975.53 
736863.000000 1628.3 1613.7  966.91  994.39 1628.3 1613.7  966.91  994.39    18.5   -2.1  964.45  994.95   18.5   -2.1  964.45  994.95 
736864.000000 1610.7 1622.4  965.45  971.58 1610.7 1622.4  965.45  971.58    -5.7    6.3  966.34  971.98   -5.7    6.3  966.34  971.98 
736865.000000 1600.5    NaN  960.14     NaN 1600.5    NaN  960.14     NaN   -12.1    NaN  958.86     NaN  -12.1    NaN  958.86     NaN 
736866.000000 1600.8 1617.7  973.74  958.55 1600.8 1617.7  973.74  958.55   -15.1    1.5  974.18  959.04  -15.1    1.5  974.18  959.04 
736874.000000    NaN 1615.4     NaN  955.92    NaN 1615.4     NaN  955.92     NaN    4.0     NaN  954.33    NaN    4.0     NaN  954.33 
736875.000000 1617.0    NaN  962.15     NaN 1617.0    NaN  962.15     NaN    -0.1    NaN  963.18     NaN   -0.1    NaN  963.18     NaN 
736876.000000 1616.1 1622.1  958.69  963.74 1616.1 1622.1  958.69  963.74     1.1    3.8  958.86  965.26    1.1    3.8  958.86  965.26 
736877.000000 1627.1 1618.9  950.81  981.26 1627.1 1618.9  950.81  981.26    12.6   -0.5  950.53  983.64   12.6   -0.5  950.53  983.64 
736878.000000 1614.1 1619.1  969.04  976.26 1614.1 1619.1  969.04  976.26    -0.3    0.2  968.71  978.04   -0.3    0.2  968.71  978.04 
736879.000000 1608.1 1603.4  975.41  988.64 1608.1 1603.4  975.41  988.64    -6.5  -12.5  975.10  989.32   -6.5  -12.5  975.10  989.32 
736880.000000 1624.8 1612.2  992.65 1000.56 1624.8 1612.2  992.65 1000.56    10.0   -2.7  992.62 1000.45   10.0   -2.7  992.62 1000.45 
736881.000000 1591.7 1590.7 1005.29 1012.51 1591.7 1590.7 1005.29 1012.51   -17.9  -22.9 1002.77 1011.82  -17.9  -22.9 1002.77 1011.82 
736882.000000    NaN 1613.8     NaN 1016.05    NaN 1613.8     NaN 1016.05     NaN   -1.1     NaN 1015.86    NaN   -1.1     NaN 1015.86 
736883.000000 1629.1 1624.1  993.38  998.88 1629.1 1624.1  993.38  998.88    13.8   10.2  993.75  998.64   13.8   10.2  993.75  998.64 
736884.000000 1619.4 1615.3 1000.65 1013.31 1619.4 1615.3 1000.65 1013.31     6.5   -0.5  999.31 1014.05    6.5   -0.5  999.31 1014.05 
736885.000000 1606.1 1613.8 1006.39 1003.86 1606.1 1613.8 1006.39 1003.86    -6.6   -3.0 1005.07 1004.83   -6.6   -3.0 1005.07 1004.83 
736886.000000 1609.6 1600.5 1005.01 1032.34 1609.6 1600.5 1005.01 1032.34    -3.6  -17.1 1003.97 1033.72   -3.6  -17.1 1003.97 1033.72 
736887.000000 1624.6    NaN 1045.54     NaN 1624.6    NaN 1045.54     NaN    13.3    NaN 1043.43     NaN   13.3    NaN 1043.43     NaN 
736888.000000 1605.1 1605.4 1006.39 1019.62 1605.1 1605.4 1006.39 1019.62    -7.0   -6.8 1004.71 1017.92   -7.0   -6.8 1004.71 1017.92 
736895.000000 1608.0 1610.6 1008.94 1011.73 1608.0 1610.6 1008.94 1011.73   -10.5   -4.4 1010.52 1011.98  -10.5   -4.4 1010.52 1011.98 
736896.000000 1600.2 1624.5  996.07  973.58 1600.2 1624.5  996.07  973.58   -13.6   11.7  995.39  972.62  -13.6   11.7  995.39  972.62 
736897.000000 1628.2 1603.5  988.16 1016.26 1628.2 1603.5  988.16 1016.26    12.0  -14.5  988.90 1017.89   12.0  -14.5  988.90 1017.89 
736898.000000 1623.7 1623.7 1021.18 1028.44 1623.7 1623.7 1021.18 1028.44     8.7    6.9 1021.19 1029.30    8.7    6.9 1021.19 1029.30 
736899.000000 1608.5 1608.9 1019.06 1013.96 1608.5 1608.9 1019.06 1013.96    -6.8   -5.0 1019.25 1013.10   -6.8   -5.0 1019.25 1013.10 
736906.000000    NaN 1595.0     NaN  991.99    NaN 1595.0     NaN  991.99     NaN  -15.8     NaN  992.05    NaN  -20.8     NaN  992.05 
736907.000000 1604.2 1624.9 1004.23  995.06 1604.2 1624.9 1004.23  995.06    -5.6   12.9 1004.02  996.19  -10.6    7.9 1004.02  996.19 
736908.000000 1602.9 1619.4 1007.46 1001.46 1602.9 1619.4 1007.46 1001.46    -6.7    5.7 1007.38 1003.05  -11.7    0.7 1007.38 1003.05 
736909.000000 1625.6 1620.3  972.92  967.97 1625.6 1620.3  972.92  967.97    16.7   11.4  972.18  967.24   11.7    6.4  972.18  967.24 
736910.000000 1624.4 1604.2  962.40  987.17 1624.4 1604.2  962.40  987.17    13.5   -7.8  962.62  988.07    8.5  -12.8  962.62  988.07 
736911.000000 1621.1 1622.8  983.13  993.30 1621.1 1622.8  983.13  993.30     9.3    7.4  984.00  996.11    4.3    2.4  984.00  996.11 
736912.000000 1617.3 1610.7  968.98  976.83 1617.3 1610.7  968.98  976.83    11.6    0.0  967.06  977.11    6.6   -5.0  967.06  977.11 
736919.000000    NaN 1622.0     NaN  951.76    NaN 1622.0     NaN  951.76     NaN   11.4     NaN  952.44    NaN    6.4     NaN  952.44 
736920.000000    NaN 1621.1     NaN  955.00    NaN 1621.1     NaN  955.00     NaN   10.8     NaN  954.96    NaN    5.8     NaN  954.96 
736921.000000 1608.6 1613.1  960.05  966.49 1608.6 1613.1  960.05  966.49    -2.7   -0.7  960.54  968.54   -7.7   -5.7  960.54  968.54 
736922.000000    NaN 1618.7     NaN  976.43    NaN 1618.7     NaN  976.43     NaN    5.8     NaN  978.18    NaN    0.8     NaN  978.18 
736923.000000 1605.1 1613.3  981.20  975.21 1605.1 1613.3  981.20  975.21    -3.8   -1.1  980.93  977.42   -8.8   -6.1  980.93  977.42 
736924.000000    NaN 1612.9     NaN  969.95    NaN 1612.9     NaN  969.95     NaN    2.5     NaN  970.18    NaN   -2.5     NaN  970.18 
736925.000000 1620.2    NaN  965.18     NaN 1620.2    NaN  965.18     NaN    10.8    NaN  965.04     NaN    5.8    NaN  965.04     NaN 
736926.000000 1616.8    NaN  965.96     NaN 1616.8    NaN  965.96     NaN     5.5    NaN  966.52     NaN    0.5    NaN  966.52     NaN 
736931.000000 1610.6    NaN  945.21     NaN 1610.6    NaN  945.21     NaN     0.1    NaN  945.31     NaN   -4.9    NaN  945.31     NaN 
736936.000000    NaN 1604.7     NaN  968.69    NaN 1604.7     NaN  968.69     NaN   -7.5     NaN  969.95    NaN  -12.5     NaN  969.95 
736937.000000 1618.6 1607.8  978.06  999.49 1618.6 1607.8  978.06  999.49     7.5   -3.0  978.65  999.85    2.5   -8.0  978.65  999.85 
736938.000000 1605.0 1621.6  981.72  978.23 1605.0 1621.6  981.72  978.23    -4.2   11.7  981.35  978.46   -9.2    6.7  981.35  978.46 
736940.000000 1610.2    NaN  949.91     NaN 1610.2    NaN  949.91     NaN     1.6    NaN  949.06     NaN   -3.4    NaN  949.06     NaN 
736941.000000 1625.2 1631.8  930.22  924.58 1625.2 1631.8  930.22  924.58    18.3   21.2  928.53  925.33   13.3   16.2  928.53  925.33 
736943.000000    NaN 1607.2     NaN  941.93    NaN 1607.2     NaN  941.93     NaN   -5.8     NaN  943.87    NaN  -10.8     NaN  943.87 
736944.000000 1606.5    NaN  945.46     NaN 1606.5    NaN  945.46     NaN    -5.8    NaN  946.73     NaN  -10.8    NaN  946.73     NaN 
736948.000000 1622.6 1608.8  947.46  968.06 1622.6 1608.8  947.46  968.06    13.0   -2.6  947.14  968.65    8.0   -7.6  947.14  968.65 
736949.000000 1613.6    NaN  957.93     NaN 1613.6    NaN  957.93     NaN     4.4    NaN  957.35     NaN   -0.6    NaN  957.35     NaN 
736950.000000 1624.4 1611.9  967.00  976.46 1624.4 1611.9  967.00  976.46    13.2    0.1  967.32  977.45    8.2   -4.9  967.32  977.45 
736951.000000 1582.3 1607.6  986.41  972.16 1582.3 1607.6  986.41  972.16   -25.9   -2.0  985.51  972.28  -30.9   -7.0  985.51  972.28 
736960.000000 1603.9 1608.8  986.31  983.67 1603.9 1608.8  986.31  983.67    -2.7   -3.3  984.58  984.98   -7.7   -8.3  984.58  984.98 
736966.000000    NaN 1601.5     NaN  962.60    NaN 1601.5     NaN  962.60     NaN  -10.0     NaN  963.48    NaN  -15.0     NaN  963.48 
736967.000000    NaN 1618.8     NaN  960.01    NaN 1618.8     NaN  960.01     NaN    7.6     NaN  960.58    NaN    2.6     NaN  960.58 
736969.000000 1608.6 1610.9  972.90  966.06 1608.6 1610.9  972.90  966.06    -2.1   -0.1  973.22  966.61   -7.1   -5.1  973.22  966.61 
736970.000000 1616.9 1622.5  974.53  974.90 1616.9 1622.5  974.53  974.90    10.7   12.4  972.65  975.08    5.7    7.4  972.65  975.08 
736971.000000 1629.4 1626.5  956.24  954.56 1629.4 1626.5  956.24  954.56    20.4   17.8  955.59  953.93   15.4   12.8  955.59  953.93 
736972.000000 1619.7 1619.1  950.70  951.09 1619.7 1619.1  950.70  951.09    10.4    8.6  950.14  951.56    5.4    3.6  950.14  951.56 
736973.000000 1621.7 1614.7  948.92  965.57 1621.7 1614.7  948.92  965.57    12.0    2.3  948.42  966.86    7.0   -2.7  948.42  966.86 
736974.000000 1620.1    NaN  965.04     NaN 1620.1    NaN  965.04     NaN    10.8    NaN  964.60     NaN    5.8    NaN  964.60     NaN 
736975.000000 1629.4 1620.2  941.36  951.75 1629.4 1620.2  941.36  951.75    22.8    7.5  939.60  953.63   17.8    2.5  939.60  953.63 
736987.000000 1614.9 1628.0  934.50  918.57 1614.9 1628.0  934.50  918.57     2.5   17.6  935.55  918.67   -2.5   12.6  935.55  918.67 
736988.000000 1603.4    NaN  907.17     NaN 1603.4    NaN  907.17     NaN    -9.0    NaN  908.05     NaN  -14.0    NaN  908.05     NaN 
736993.000000    NaN 1618.1     NaN  899.21    NaN 1618.1     NaN  899.21     NaN    7.5     NaN  899.44    NaN    2.5     NaN  899.44 
736997.000000 1599.5 1625.3  932.46  910.27 1599.5 1625.3  932.46  910.27    -9.5   15.4  931.90  910.07  -14.5   10.4  931.90  910.07 
736998.000000 1617.6 1606.9  934.09  946.39 1617.6 1606.9  934.09  946.39     8.5   -7.2  933.56  948.05    3.5  -12.2  933.56  948.05 
736999.000000 1628.3 1625.1  942.41  945.60 1628.3 1625.1  942.41  945.60    15.9   12.9  943.55  947.02   10.9    7.9  943.55  947.02 
737000.000000 1620.6 1595.3  926.88  938.99 1620.6 1595.3  926.88  938.99    13.1  -14.9  925.85  939.20    8.1  -19.9  925.85  939.20 
737001.000000    NaN 1600.9     NaN  928.22    NaN 1600.9     NaN  928.22     NaN   -8.4     NaN  927.67    NaN  -13.4     NaN  927.67 
737007.000000    NaN 1618.3     NaN  991.49    NaN 1618.3     NaN  991.49     NaN    2.1     NaN  994.73    NaN   -2.9     NaN  994.73 
737009.000000 1624.7    NaN  936.40     NaN 1624.7    NaN  936.40     NaN    10.7    NaN  938.37     NaN    5.7    NaN  938.37     NaN 
737010.000000 1593.4    NaN  941.47     NaN 1593.4    NaN  941.47     NaN   -13.5    NaN  939.97     NaN  -18.5    NaN  939.97     NaN 
737013.000000 1598.3    NaN  969.87     NaN 1598.3    NaN  969.87     NaN   -10.0    NaN  969.16     NaN  -15.0    NaN  969.16     NaN 
737017.000000 1589.4    NaN 1002.32     NaN 1589.4    NaN 1002.32     NaN   -16.5    NaN 1000.49     NaN  -21.5    NaN 1000.49     NaN 
737018.000000 1606.4    NaN  977.79     NaN 1606.4    NaN  977.79     NaN    -1.9    NaN  976.92     NaN   -6.9    NaN  976.92     NaN 
737021.000000 1612.8    NaN  935.48     NaN 1612.8    NaN  935.48     NaN     7.2    NaN  933.40     NaN    2.2    NaN  933.40     NaN 
737035.000000 1599.4 1616.1  939.35  917.52 1599.4 1616.1  939.35  917.52   -11.7    5.5  939.63  917.74  -16.7    0.5  939.63  917.74 
737036.000000 1637.6    NaN  914.55     NaN 1637.6    NaN  914.55     NaN    17.4    NaN  919.09     NaN   12.4    NaN  919.09     NaN 
737037.000000 1602.5 1625.4  913.69  903.84 1602.5 1625.4  913.69  903.84    -1.5   15.2  911.35  903.86   -6.5   10.2  911.35  903.86 
737039.000000 1629.6    NaN  956.61     NaN 1629.6    NaN  956.61     NaN    20.7    NaN  956.13     NaN   15.7    NaN  956.13     NaN 
737043.000000 1638.2 1627.3  912.32  915.35 1638.2 1627.3  912.32  915.35    26.2   17.9  913.14  915.11   21.2   12.9  913.14  915.11 
737044.000000 1603.5    NaN  973.60     NaN 1603.5    NaN  973.60     NaN    -4.3    NaN  972.71     NaN   -9.3    NaN  972.71     NaN 
737048.000000 1595.2 1593.5  927.93  934.09 1595.2 1593.5  927.93  934.09   -15.9  -23.7  928.32  937.11  -20.9  -28.7  928.32  937.11 
737049.000000 1599.7 1598.3  927.05  927.79 1599.7 1598.3  927.05  927.79   -12.4   -4.7  927.91  924.52  -17.4   -9.7  927.91  924.52 
737057.000000 1568.0 1609.6  949.18  927.60 1568.0 1609.6  949.18  927.60   -38.4    0.8  947.66  926.90  -43.4   -4.2  947.66  926.90 
737061.000000 1616.1 1640.0  977.07  960.32 1616.1 1640.0  977.07  960.32     4.8   28.4  977.87  960.96   -0.2   23.4  977.87  960.96 
737062.000000 1634.7 1615.7  963.13  982.52 1634.7 1615.7  963.13  982.52    24.4    1.9  963.25  984.07   19.4   -3.1  963.25  984.07 
737064.000000 1607.2 1637.8  940.67  926.99 1607.2 1637.8  940.67  926.99    -2.2   27.8  940.35  927.06   -7.2   22.8  940.35  927.06 
737065.000000    NaN 1589.6     NaN  906.85    NaN 1589.6     NaN  906.85     NaN  -18.3     NaN  905.87    NaN  -23.3     NaN  905.87 
737070.000000 1633.2 1619.6  908.61  914.94 1633.2 1619.6  908.61  914.94    19.7    9.0  910.41  915.46   14.7    4.0  910.41  915.46 
737071.000000    NaN 1615.7     NaN  878.52    NaN 1615.7     NaN  878.52     NaN    7.0     NaN  877.91    NaN    2.0     NaN  877.91 
737079.000000 1619.6 1606.6  984.52  983.30 1619.6 1606.6  984.52  983.30    11.5   -2.1  983.85  982.81    6.5   -7.1  983.85  982.81 
737080.000000 1604.3 1625.5 1022.72 1000.02 1604.3 1625.5 1022.72 1000.02   -10.2   17.1 1024.62  999.42  -15.2   12.1 1024.62  999.42 
737085.000000 1635.2 1604.4  987.11 1002.75 1635.2 1604.4  987.11 1002.75    20.8   -6.4  988.91 1003.02   15.8  -11.4  988.91 1003.02 
737108.000000 1646.5 1612.6  976.47 1006.62 1646.5 1612.6  976.47 1006.62    35.9    3.7  976.61 1006.31   30.9   -1.3  976.61 1006.31 
737124.000000 1622.3 1607.9  904.20  914.20 1622.3 1607.9  904.20  914.20    13.4   -2.1  903.58  914.21    8.4   -7.1  903.58  914.21 
737126.000000 1599.5    NaN  911.26     NaN 1599.5    NaN  911.26     NaN   -10.1    NaN  910.87     NaN  -15.1    NaN  910.87     NaN 
737127.000000 1618.9 1613.7  897.01  902.93 1618.9 1613.7  897.01  902.93     9.6    4.2  896.82  902.43    4.6   -0.8  896.82  902.43 
737129.000000    NaN 1602.2     NaN  987.32    NaN 1602.2     NaN  987.32     NaN   -4.6     NaN  985.09    NaN   -9.6     NaN  985.09 
737130.000000 1596.0    NaN 1005.38     NaN 1596.0    NaN 1005.38     NaN    -9.0    NaN 1002.06     NaN  -14.0    NaN 1002.06     NaN 
737131.000000    NaN 1633.3     NaN 1001.34    NaN 1633.3     NaN 1001.34     NaN   20.5     NaN 1002.78    NaN   15.5     NaN 1002.78 
737132.000000 1622.5    NaN  984.96     NaN 1622.5    NaN  984.96     NaN    12.1    NaN  985.62     NaN    7.1    NaN  985.62     NaN 
737139.000000 1609.1 1591.5  961.18  973.66 1609.1 1591.5  961.18  973.66     0.5  -13.6  960.47  971.07   -4.5  -18.6  960.47  971.07 
737140.000000    NaN 1600.6     NaN  959.03    NaN 1600.6     NaN  959.03     NaN   -5.1     NaN  956.41    NaN  -10.1     NaN  956.41 
737141.000000 1600.4 1609.8  953.93  948.98 1600.4 1609.8  953.93  948.98    -4.6   -2.9  951.06  950.51   -9.6   -7.9  951.06  950.51 
737142.000000 1613.4 1606.8  943.88  981.21 1613.4 1606.8  943.88  981.21     4.4   -7.7  943.42  983.90   -0.6  -12.7  943.42  983.90 
737143.000000 1596.1    NaN 1004.44     NaN 1596.1    NaN 1004.44     NaN   -13.0    NaN 1003.91     NaN  -18.0    NaN 1003.91     NaN 
737144.000000    NaN 1594.3     NaN 1077.41    NaN 1594.3     NaN 1077.41     NaN  -16.5     NaN 1077.95    NaN  -21.5     NaN 1077.95 
737149.000000    NaN 1616.2     NaN 1124.78    NaN 1616.2     NaN 1124.78     NaN   11.1     NaN 1121.92    NaN    6.1     NaN 1121.92 
737153.000000 1619.0    NaN 1022.63     NaN 1617.3    NaN 1023.33     NaN     8.2    NaN 1022.72     NaN    2.4    NaN 1023.10     NaN 
737155.000000 1593.1    NaN 1001.80     NaN 1591.9    NaN 1002.30     NaN   -11.0    NaN  998.75     NaN  -17.5    NaN  999.32     NaN 
737160.000000 1615.2 1614.8 1089.35 1086.07 1613.1 1613.5 1090.27 1086.54     9.6    8.0 1087.10 1084.29    1.6    0.9 1088.44 1085.17 
737161.000000 1624.5 1612.5 1074.65 1080.56 1623.2 1611.2 1075.10 1081.21    17.0    8.5 1073.21 1077.31   10.5    1.7 1073.83 1078.17 
737162.000000 1616.7    NaN 1113.41     NaN 1615.2    NaN 1114.13     NaN     9.7    NaN 1111.77     NaN    2.9    NaN 1112.46     NaN 
737163.000000 1611.3    NaN 1064.14     NaN 1609.9    NaN 1064.55     NaN    -2.1    NaN 1065.99     NaN   -8.9    NaN 1066.70     NaN 
737164.000000 1607.4 1623.6 1047.18 1038.82 1607.2 1623.0 1047.06 1039.08    -2.9   14.9 1047.73 1038.32  -10.4    8.4 1048.75 1038.86 
737165.000000    NaN 1597.7     NaN 1069.81    NaN 1595.4     NaN 1070.56     NaN  -12.9     NaN 1070.06    NaN  -19.3     NaN 1070.72 
737166.000000 1615.5    NaN 1070.31     NaN 1615.3    NaN 1070.42     NaN     6.5    NaN 1070.42     NaN    0.3    NaN 1070.88     NaN 
737167.000000 1616.5    NaN 1105.37     NaN 1614.8    NaN 1106.09     NaN     8.9    NaN 1104.16     NaN    2.4    NaN 1104.81     NaN 
737175.000000    NaN 1624.1     NaN 1087.83    NaN 1621.6     NaN 1088.87     NaN   15.6     NaN 1087.07    NaN   10.6     NaN 1087.12 
737178.000000 1599.6 1603.8 1085.44 1078.89 1597.2 1602.4 1086.63 1079.71   -14.3   -6.4 1087.18 1078.81  -20.0  -13.6 1087.45 1079.73 
737190.000000 1604.7    NaN 1037.68     NaN 1603.6    NaN 1038.04     NaN    -6.8    NaN 1038.60     NaN  -12.5    NaN 1038.78     NaN 
737191.000000    NaN 1621.0     NaN 1067.02    NaN 1618.3     NaN 1068.28     NaN    6.1     NaN 1070.17    NaN   -1.1     NaN 1071.13 
737193.000000 1610.8 1627.2 1033.02 1029.06 1610.0 1626.2 1033.43 1029.61     1.0   17.2 1032.83 1029.12   -4.5   10.6 1033.07 1029.81 
737194.000000 1601.0    NaN 1044.62     NaN 1599.5    NaN 1045.43     NaN    -8.7    NaN 1044.47     NaN  -15.5    NaN 1045.36     NaN 
737195.000000    NaN 1608.0     NaN 1096.90    NaN 1606.1     NaN 1097.75     NaN   -4.0     NaN 1098.06    NaN  -10.3     NaN 1098.63 
737196.000000    NaN 1615.4     NaN 1128.31    NaN 1614.8     NaN 1128.47     NaN    7.0     NaN 1127.19    NaN   -0.0     NaN 1128.18 
737197.000000    NaN 1620.4     NaN 1089.75    NaN 1619.5     NaN 1090.10     NaN   11.4     NaN 1089.17    NaN    6.0     NaN 1089.42 
737198.000000 1625.8    NaN 1078.20     NaN 1623.5    NaN 1079.45     NaN    16.8    NaN 1077.56     NaN    9.2    NaN 1078.66     NaN 
737199.000000 1627.1    NaN 1090.15     NaN 1625.6    NaN 1090.88     NaN    19.7    NaN 1088.77     NaN   13.0    NaN 1089.57     NaN 
737201.000000    NaN 1623.0     NaN 1108.25    NaN 1622.0     NaN 1108.58     NaN   13.3     NaN 1107.93    NaN    7.9     NaN 1108.23 
737207.000000    NaN 1591.8     NaN 1076.84    NaN 1590.0     NaN 1077.73     NaN  -11.1     NaN 1073.18    NaN  -18.1     NaN 1073.96 
737208.000000 1609.7 1601.1 1090.95 1086.15 1608.0 1598.9 1091.59 1087.18    -2.4  -11.2 1091.85 1087.24   -8.9  -17.4 1092.37 1087.77 
737209.000000 1605.5    NaN 1070.10     NaN 1604.0    NaN 1070.67     NaN    -4.3    NaN 1070.05     NaN  -10.8    NaN 1070.61     NaN 
737211.000000    NaN 1618.5     NaN 1078.50    NaN 1616.8     NaN 1079.34     NaN    9.6     NaN 1077.56    NaN    2.3     NaN 1078.60 
737213.000000    NaN 1612.3     NaN 1112.22    NaN 1611.6     NaN 1112.20     NaN    4.0     NaN 1111.37    NaN   -2.0     NaN 1111.68 
737214.000000    NaN 1585.1     NaN 1109.41    NaN 1583.9     NaN 1109.84     NaN  -19.9     NaN 1106.51    NaN  -25.5     NaN 1106.84 
737215.000000 1634.9 1610.0 1066.35 1077.26 1633.2 1608.5 1067.02 1077.85    23.5    2.5 1066.99 1075.64   17.0   -5.5 1067.74 1077.08 
737216.000000    NaN 1593.7     NaN 1091.19    NaN 1592.7     NaN 1091.82     NaN  -17.7     NaN 1091.90    NaN  -23.3     NaN 1092.18 
737217.000000 1586.8 1607.2 1039.74 1062.31 1585.2 1605.8 1040.44 1062.45   -14.9   -6.8 1036.26 1064.38  -21.0  -13.5 1036.96 1065.17 
737218.000000 1618.2 1625.0 1070.44 1076.97 1617.0 1624.5 1070.97 1077.14     6.8   17.1 1071.51 1075.52   -0.1    8.8 1072.42 1077.31 
737220.000000    NaN 1591.6     NaN 1088.43    NaN 1588.2     NaN 1090.29     NaN  -19.5     NaN 1088.83    NaN  -26.2     NaN 1089.83 
737221.000000    NaN 1609.4     NaN 1068.45    NaN 1608.3     NaN 1068.82     NaN   -0.3     NaN 1068.35    NaN   -5.8     NaN 1068.47 
737222.000000 1591.5    NaN 1034.73     NaN 1590.5    NaN 1034.99     NaN   -18.7    NaN 1034.80     NaN  -25.1    NaN 1035.41     NaN 
737223.000000 1599.9 1600.9 1024.28 1026.13 1599.5 1599.1 1024.37 1026.93   -12.9   -4.4 1025.71 1022.73  -19.7  -11.3 1026.57 1023.84 
737224.000000    NaN 1588.5     NaN 1081.51    NaN 1587.3     NaN 1081.99     NaN  -21.4     NaN 1081.51    NaN  -27.5     NaN 1082.08 
737226.000000 1618.4    NaN 1082.96     NaN 1616.6    NaN 1083.65     NaN    10.2    NaN 1082.11     NaN    3.2    NaN 1083.28     NaN 
737228.000000 1618.9    NaN 1079.85     NaN 1617.5    NaN 1080.43     NaN    12.2    NaN 1077.98     NaN    5.2    NaN 1078.90     NaN 
737229.000000 1613.2    NaN 1071.57     NaN 1611.7    NaN 1072.29     NaN     2.7    NaN 1072.02     NaN   -4.4    NaN 1073.00     NaN 
737230.000000 1602.3 1607.3 1052.47 1031.93 1600.7 1606.1 1053.16 1032.49    -5.8    0.3 1051.05 1030.53  -12.1   -6.2 1051.58 1031.17 
737231.000000 1598.3 1608.7 1016.92 1012.48 1595.9 1608.0 1018.10 1012.61   -12.2   -5.0 1017.27 1014.58  -18.4  -12.1 1017.84 1015.43 
737233.000000 1595.5 1605.9 1023.81  999.81 1594.3 1603.4 1024.44 1001.05   -18.2   -8.5 1025.75 1002.47  -23.6  -15.0 1025.95 1003.16 
737234.000000 1624.3 1589.1  989.87 1014.21 1623.9 1588.7  989.88 1014.05    16.7  -22.3  988.44 1014.81   10.4  -28.4  988.95 1015.28 
737235.000000 1589.8 1599.2 1000.27 1002.72 1587.6 1598.2 1001.08 1002.89   -15.9   -7.7  997.82 1001.42  -22.1  -13.7  998.37 1001.56 
737236.000000    NaN 1603.8     NaN 1016.92    NaN 1603.4     NaN 1017.06     NaN   -7.6     NaN 1017.48    NaN  -14.1     NaN 1018.20 
737237.000000 1613.8 1608.0  988.57  998.53 1612.5 1608.2  989.01  998.19     5.2   -1.7  987.67  998.17   -3.2   -8.4  989.24  998.94 
737238.000000 1620.0    NaN  979.90     NaN 1620.0    NaN  979.99     NaN    12.7    NaN  978.33     NaN    7.1    NaN  978.54     NaN 
737239.000000 1617.7    NaN  975.46     NaN 1617.6    NaN  975.31     NaN    10.8    NaN  973.99     NaN    4.7    NaN  974.28     NaN 
737241.000000 1606.1    NaN 1044.97     NaN 1605.4    NaN 1045.02     NaN    -6.5    NaN 1046.12     NaN  -13.9    NaN 1047.15     NaN 
737242.000000 1623.1 1624.6  996.70  999.25 1620.8 1622.6  997.85 1000.07    11.0   11.4  998.18 1000.77    4.3    5.5  998.70 1001.15 
737243.000000 1620.2 1618.3  998.01 1008.99 1617.6 1618.2  999.13 1008.79     9.3    7.9  998.35 1009.59    3.0    1.8  999.03 1009.77 
737248.000000 1623.2    NaN 1004.78     NaN 1622.9    NaN 1004.84     NaN    17.0    NaN 1002.72     NaN   10.8    NaN 1003.22     NaN 
737256.000000    NaN 1607.2     NaN 1016.77    NaN 1607.2     NaN 1016.78     NaN   -5.9     NaN 1018.65    NaN  -12.0     NaN 1019.03 
737257.000000 1606.1 1621.9 1009.33 1009.36 1604.3 1620.5 1009.95 1009.96    -6.4   13.0 1010.72 1008.69  -11.3    7.8 1010.62 1008.83 
737258.000000 1618.1 1628.1  997.48  996.11 1618.1 1627.9  997.31  996.09     9.3   18.4  997.02  995.90    1.9   11.4  998.01  996.54 
737259.000000 1631.8    NaN  969.47     NaN 1630.2    NaN  970.15     NaN    18.9    NaN  970.70     NaN   13.0    NaN  970.99     NaN 
737263.000000 1624.1    NaN  986.65     NaN 1622.4    NaN  987.56     NaN    12.0    NaN  987.89     NaN    5.7    NaN  988.52     NaN 
737268.000000 1610.4 1617.7  973.94  975.83 1609.0 1616.6  974.27  976.37     0.7    7.0  973.61  976.15   -6.5    1.3  974.48  976.25 
737273.000000 1622.8 1619.7  983.27  995.65 1621.2 1618.1  984.04  996.27    13.9   10.2  982.84  995.31    7.7    3.4  983.44  996.10 
737274.000000 1621.9 1620.3  993.26  999.25 1620.0 1619.0  993.88  999.38     9.1   11.0  994.39  998.91    3.1    4.3  994.70  999.57 
737275.000000 1612.0 1616.4  993.16  999.23 1611.2 1615.0  993.45  999.82     0.2   10.7  993.97  997.28   -5.5    4.6  994.32  997.61 
737277.000000    NaN 1622.3     NaN 1008.88    NaN 1619.6     NaN 1010.20     NaN    8.7     NaN 1010.61    NaN    1.9     NaN 1011.55 
737281.000000 1613.0 1608.4  992.98  999.43 1612.5 1606.3  993.17 1000.26     7.8   -3.4  990.56 1000.51    0.7   -9.7  991.45 1001.01 
737282.000000    NaN 1624.0     NaN  989.10    NaN 1622.3     NaN  989.67     NaN    9.6     NaN  991.02    NaN    4.0     NaN  991.11 
737283.000000 1625.1 1613.1  990.15 1012.76 1623.1 1611.5  990.91 1013.62    15.7    4.4  989.89 1012.32    9.1   -2.3  990.59 1013.08 
737287.000000 1631.0 1620.1  965.86  980.96 1629.0 1619.0  966.92  981.50    16.9   10.0  968.07  980.93   10.0    4.5  968.84  981.19 
737288.000000 1607.1 1613.5 1000.51  999.58 1606.3 1612.6 1000.88  999.91    -4.1    3.6 1001.02  999.59   -9.6   -2.0 1001.32  999.85 
737289.000000 1622.9    NaN  991.47     NaN 1622.2    NaN  991.85     NaN    12.8    NaN  991.58     NaN    6.9    NaN  992.17     NaN 
737290.000000 1626.9 1624.6  970.54  972.10 1624.7 1622.3  971.47  973.19    16.8   14.2  970.69  972.52   10.5    8.0  971.02  972.88 
737291.000000 1622.2    NaN  962.43     NaN 1619.5    NaN  963.50     NaN    12.4    NaN  962.61     NaN    5.2    NaN  963.52     NaN 
737292.000000 1627.4 1630.7  940.41  950.11 1627.3 1629.0  940.36  950.47    21.6   18.9  938.28  950.92   15.4   13.2  938.68  950.96 
737293.000000 1621.8    NaN  952.45     NaN 1620.1    NaN  952.94     NaN    13.0    NaN  951.70     NaN    6.5    NaN  952.19     NaN 
737295.000000 1623.1 1626.8  948.56  951.81 1621.7 1625.9  949.14  952.02    15.5   16.1  947.75  952.19    8.2   11.1  948.40  952.08 
737296.000000 1621.4 1621.4  954.23  961.45 1619.1 1619.8  955.08  962.00    11.9   12.1  953.70  960.94    6.8    5.3  953.51  961.56 
737297.000000 1629.8 1620.0  967.45  980.20 1627.9 1618.3  968.21  980.89    18.3   11.3  968.34  979.30   12.8    4.3  968.48  980.10 
737298.000000 1622.0 1625.2  992.79  991.37 1621.3 1623.8  993.10  991.86    14.6   13.0  991.26  992.37    7.7    6.6  992.06  992.84 
737299.000000 1610.3 1612.2  991.53  994.71 1609.8 1611.8  991.63  994.72     1.8   -2.3  990.68  997.27   -4.6   -9.6  991.19  998.01 
737300.000000 1611.6 1610.1  967.71  971.11 1610.8 1607.2  967.94  972.34     2.4    0.0  966.95  970.90   -5.6   -7.2  968.16  971.99 
737301.000000 1624.4 1616.9  956.29  974.80 1623.9 1615.4  956.46  975.53    12.5    4.2  957.29  976.01    7.1   -2.7  957.57  976.95 
737302.000000 1613.0 1612.2  978.84  985.71 1612.0 1611.2  979.30  986.06     2.6   -3.0  979.09  988.71   -4.2   -9.2  979.84  989.08 
737303.000000 1620.5 1609.2  976.92  996.57 1620.0 1606.7  977.10  997.57    11.9   -4.3  976.49  998.31    5.8  -10.3  977.07  998.78 
737304.000000 1634.7 1625.5  965.50  972.62 1633.2 1624.3  966.10  972.98    25.7   14.0  964.89  973.45   19.3    8.5  965.39  973.40 
737305.000000 1614.8 1617.6  975.75  971.25 1612.4 1616.8  976.73  971.55     4.7    7.5  975.86  971.08   -0.9    0.8  976.01  971.92 
737309.000000    NaN 1622.5     NaN  980.81    NaN 1621.8     NaN  980.83     NaN    8.9     NaN  982.65    NaN    3.4     NaN  982.85 
737310.000000 1623.7    NaN 1002.09     NaN 1623.8    NaN 1001.93     NaN    13.1    NaN 1002.87     NaN    6.6    NaN 1003.37     NaN 
737311.000000    NaN 1630.5     NaN  987.02    NaN 1629.1     NaN  987.55     NaN   18.3     NaN  988.36    NaN   12.7     NaN  988.51 
737313.000000 1610.0 1617.0  986.23  982.36 1609.3 1617.2  986.65  981.86     0.3    7.9  986.10  981.72   -5.8    2.4  986.73  981.85 
737314.000000 1631.2 1609.1  969.60  989.05 1629.8 1608.3  970.21  989.53    22.5    1.2  968.99  987.88   15.0   -5.7  970.15  988.80 
737319.000000 1621.3 1621.6  943.47  953.98 1619.6 1620.7  944.17  954.29    12.6   10.6  942.74  954.47    0.4   -1.0  943.50  955.09 
737320.000000 1624.6 1634.0  952.59  945.08 1622.7 1633.7  953.15  945.03    12.1   23.2  953.77  945.96    0.9   12.5  954.13  946.13 
737321.000000 1603.3 1624.7  972.02  951.35 1602.2 1623.0  972.54  951.93    -7.9   10.7  972.35  953.46  -19.2    0.1  972.83  953.61 
737324.000000 1636.3 1620.1  930.89  940.32 1634.6 1618.6  931.83  940.93    26.3   11.2  931.09  939.49   14.2   -1.0  932.05  940.50 
737325.000000    NaN 1633.6     NaN  932.86    NaN 1632.2     NaN  933.26     NaN   19.5     NaN  935.24    NaN    7.0     NaN  936.24 
737328.000000 1630.3    NaN  935.14     NaN 1629.7    NaN  935.19     NaN    19.6    NaN  935.72     NaN    8.2    NaN  936.21     NaN 
737336.000000 1624.5    NaN  955.71     NaN 1622.7    NaN  956.42     NaN    11.2    NaN  957.57     NaN   -0.8    NaN  958.24     NaN 
737349.000000 1650.2 1620.1  826.67  853.98 1648.3 1619.2  827.68  854.13    39.9    7.3  826.86  855.71   29.5   -4.2  826.81  856.25 
737350.000000    NaN 1635.6     NaN  876.35    NaN 1634.1     NaN  876.81     NaN   13.6     NaN  877.42    NaN   11.3     NaN  878.45 
737364.000000 1632.4    NaN  975.47     NaN 1631.0    NaN  976.10     NaN    14.6    NaN  974.49     NaN   13.4    NaN  974.97     NaN 
737366.000000 1604.4    NaN  933.10     NaN 1605.0    NaN  932.58     NaN   -15.9    NaN  933.19     NaN  -16.0    NaN  933.13     NaN 
737368.000000    NaN 1647.6     NaN  908.31    NaN 1646.8     NaN  908.40     NaN   30.3     NaN  906.63    NaN   27.9     NaN  907.70 
737369.000000 1624.0    NaN  916.13     NaN 1624.6    NaN  915.16     NaN     4.1    NaN  916.13     NaN    3.0    NaN  916.29     NaN 
737370.000000    NaN 1625.3     NaN  900.23    NaN 1625.3     NaN  899.83     NaN    2.3     NaN  901.32    NaN    3.6     NaN  900.67 
737371.000000    NaN 1618.5     NaN  885.77    NaN 1615.4     NaN  887.19     NaN   -3.1     NaN  886.62    NaN   -5.1     NaN  887.29 
737372.000000 1618.0 1624.8  871.05  864.45 1616.1 1622.1  871.81  865.59    -4.6    3.8  872.45  864.96   -5.6    3.4  872.73  864.94 
737373.000000 1648.0 1637.8  848.83  850.22 1646.3 1636.9  849.46  850.77    27.6   23.1  849.26  847.80   25.8   21.4  849.88  848.46 
737374.000000 1647.2 1616.8  835.12  860.41 1644.7 1615.2  836.00  860.82    29.8   -3.2  833.76  860.44   27.7   -3.6  834.70  860.35 
737375.000000 1635.6    NaN  861.40     NaN 1632.8    NaN  862.46     NaN    13.5    NaN  862.30     NaN   12.0    NaN  863.02     NaN 
737384.000000 1600.4    NaN  843.83     NaN 1599.5    NaN  844.22     NaN   -19.6    NaN  843.70     NaN  -20.8    NaN  844.20     NaN 
737389.000000    NaN 1645.5     NaN  807.91    NaN 1647.0     NaN  807.01     NaN   26.4     NaN  807.12    NaN   24.8     NaN  807.81 
737396.000000 1631.8 1641.7  830.16  825.12 1630.0 1641.5  830.67  825.07    11.3   18.9  830.30  826.49    9.3   19.1  830.98  826.27 
737397.000000 1599.7 1632.1  849.88  834.57 1600.4 1630.4  849.29  835.28   -20.0    9.9  849.72  835.76  -22.4    8.8  850.51  836.22 
737398.000000 1624.1    NaN  833.63     NaN 1623.1    NaN  833.99     NaN     3.3    NaN  834.02     NaN    2.7    NaN  834.23     NaN 
737399.000000 1653.1    NaN  836.15     NaN 1650.9    NaN  837.23     NaN    32.2    NaN  836.50     NaN   29.9    NaN  837.52     NaN 
737402.000000 1640.6 1603.1  827.39  839.73 1641.4 1601.0  827.01  840.61    11.4  -16.8  831.58  839.73    9.4  -17.7  832.61  839.94 
737404.000000 1647.5    NaN  803.98     NaN 1646.5    NaN  804.34     NaN    26.1    NaN  804.51     NaN   25.8    NaN  804.61     NaN 
737405.000000 1646.9 1647.0  842.85  849.53 1646.1 1646.0  843.24  849.91    29.4   28.0  841.82  848.71   28.5   27.0  842.33  849.24 
737406.000000 1622.0 1656.5  850.71  822.42 1620.9 1655.3  851.11  822.80     0.5   38.1  851.47  821.52   -0.4   37.6  851.75  821.53 
737407.000000 1589.7 1631.3  829.57  807.17 1587.9 1632.5  830.46  806.70   -26.0    5.9  827.52  809.89  -28.2    4.9  828.39  810.40 
737408.000000 1653.8    NaN  782.22     NaN 1651.6    NaN  783.19     NaN    34.8    NaN  781.97     NaN   33.2    NaN  782.67     NaN 
737410.000000    NaN 1647.1     NaN  791.81    NaN 1646.5     NaN  791.96     NaN   27.1     NaN  791.62    NaN   26.8     NaN  791.79 
737411.000000 1634.6 1620.9  809.53  819.31 1631.6 1619.0  810.66  819.92    17.4   -0.6  808.50  820.20   16.2   -1.7  808.67  820.59 
737412.000000    NaN 1639.0     NaN  871.57    NaN 1637.3     NaN  872.21     NaN   16.4     NaN  872.54    NaN   14.5     NaN  873.20 
737414.000000    NaN 1648.3     NaN  816.23    NaN 1647.8     NaN  816.35     NaN   31.8     NaN  814.70    NaN   30.4     NaN  815.14 
737415.000000    NaN 1636.1     NaN  792.95    NaN 1634.6     NaN  793.24     NaN   10.0     NaN  795.60    NaN    9.5     NaN  795.66 
737416.000000 1647.4 1631.7  763.59  771.89 1646.9 1630.6  763.67  772.39    26.5   14.0  764.09  770.91   25.4   14.1  764.54  770.72 
737419.000000 1621.2    NaN  823.28     NaN 1621.0    NaN  823.14     NaN    -0.6    NaN  823.97     NaN   -1.7    NaN  824.28     NaN 
737422.000000 1621.7    NaN  917.93     NaN 1620.4    NaN  918.51     NaN     3.5    NaN  916.99     NaN    3.1    NaN  917.09     NaN 
737427.000000 1636.3 1636.9  811.41  809.29 1633.8 1634.8  812.44  810.09    16.3   12.2  811.29  811.51   15.0   11.1  811.91  811.96 
737431.000000 1619.9    NaN  855.90     NaN 1617.4    NaN  856.75     NaN    -6.4    NaN  858.87     NaN   -8.3    NaN  859.52     NaN 
737435.000000    NaN 1613.9     NaN  868.65    NaN 1613.6     NaN  868.59     NaN    1.4     NaN  865.44    NaN    0.0     NaN  865.96 
737436.000000 1614.3    NaN  864.45     NaN 1612.5    NaN  865.25     NaN    -9.0    NaN  866.34     NaN   -9.7    NaN  866.48     NaN 
737438.000000    NaN 1612.3     NaN  898.47    NaN 1610.0     NaN  899.43     NaN  -10.0     NaN  899.68    NaN  -11.2     NaN  900.16 
737439.000000 1630.4    NaN  882.29     NaN 1629.1    NaN  882.82     NaN     9.3    NaN  883.02     NaN    8.2    NaN  883.40     NaN 
737440.000000 1625.3    NaN  829.88     NaN 1623.7    NaN  830.54     NaN     7.3    NaN  828.78     NaN    7.0    NaN  828.94     NaN 
737444.000000 1629.9 1632.3  811.60  804.86 1627.9 1630.8  812.44  805.37     7.5   13.4  812.72  804.20    6.2   13.1  813.18  803.99 
737450.000000 1625.3 1650.0  819.10  800.35 1622.5 1647.8  820.13  801.17     5.8   28.7  818.99  801.03    3.9   26.4  819.43  801.84 
737452.000000 1619.7 1632.7  863.74  848.78 1617.5 1631.7  864.47  849.03    -5.8    8.6  866.22  850.96   -7.8    6.4  866.96  851.67 
737456.000000 1647.0    NaN  823.66     NaN 1645.1    NaN  824.34     NaN    27.6    NaN  823.18     NaN   25.8    NaN  823.91     NaN 
737459.000000 1609.2    NaN  924.76     NaN 1606.1    NaN  925.82     NaN    -4.9    NaN  922.00     NaN   -7.4    NaN  922.90     NaN 
737460.000000 1632.5 1612.3  811.63  829.58 1629.6 1610.3  812.84  830.22    12.7  -10.8  811.36  831.13    9.8  -13.1  812.39  831.97 
737461.000000 1644.5 1607.2  812.65  832.05 1642.1 1604.3  813.38  833.30    23.7  -15.1  813.15  833.26   21.7  -19.4  813.72  835.21 
737462.000000 1623.6    NaN  824.14     NaN 1621.6    NaN  824.71     NaN     7.1    NaN  822.49     NaN    6.2    NaN  822.70     NaN 
737465.000000 1634.5    NaN  930.54     NaN 1632.2    NaN  931.49     NaN    12.5    NaN  931.46     NaN    9.8    NaN  932.50     NaN 
737466.000000 1601.3 1642.7  925.57  886.24 1598.1 1638.8  927.21  887.94   -18.5   25.2  925.90  885.04  -21.1   21.8  926.92  886.33 
737469.000000 1606.8 1618.2  864.27  849.52 1603.5 1615.1  865.47  850.86   -13.8   -3.0  864.48  850.17  -16.0   -5.3  865.24  851.04 
737476.000000 1638.8    NaN  956.51     NaN 1636.4    NaN  957.28     NaN    19.5    NaN  955.97     NaN   16.6    NaN  956.99     NaN 
737477.000000 1591.3    NaN  871.75     NaN 1587.6    NaN  873.27     NaN   -27.9    NaN  871.21     NaN  -29.4    NaN  871.73     NaN 
737478.000000    NaN 1610.0     NaN  842.06    NaN 1606.6     NaN  843.37     NaN  -13.2     NaN  843.82    NaN  -15.8     NaN  844.69 
737480.000000 1628.1    NaN  876.30     NaN 1624.8    NaN  877.50     NaN     8.6    NaN  875.90     NaN    6.0    NaN  876.88     NaN 
737481.000000 1639.0 1602.5  839.47  868.48 1636.1 1598.9  840.55  869.77    19.9  -18.6  838.75  868.75   17.1  -22.7  839.82  870.39 
737485.000000 1600.8 1624.6  836.20  827.62 1598.9 1621.6  836.84  828.52   -13.1    4.9  832.48  827.62  -15.8    1.2  833.42  829.06 
737488.000000 1612.5 1624.9  840.05  833.05 1609.3 1621.6  841.15  834.52    -4.9    1.4  838.26  835.45   -7.0   -1.8  838.97  836.65 
737489.000000 1620.5    NaN  825.59     NaN 1617.7    NaN  826.52     NaN    -1.6    NaN  826.84     NaN   -5.0    NaN  828.11     NaN 
737493.000000 1640.7 1635.1  845.43  840.87 1637.1 1633.2  847.06  841.38    19.1   18.8  846.18  838.92   15.8   15.8  847.42  839.90 
737494.000000 1640.3 1623.5  827.58  845.13 1638.1 1621.2  828.10  845.87    21.3    0.7  827.06  846.84   18.9   -2.7  827.72  848.01 
737495.000000 1634.3 1635.4  841.74  847.88 1632.0 1633.0  842.52  848.76    16.4   15.2  840.43  848.29   15.1   12.0  840.76  849.36 
737496.000000 1631.4 1633.2  859.97  863.56 1628.6 1630.6  861.01  864.49    11.6   14.7  859.47  862.49    9.2   12.0  860.26  863.47 
737497.000000    NaN 1628.2     NaN  902.18    NaN 1624.2     NaN  903.71     NaN    9.4     NaN  901.06    NaN    6.3     NaN  902.23 
737499.000000    NaN 1621.3     NaN  923.96    NaN 1618.0     NaN  925.38     NaN   -3.3     NaN  926.38    NaN   -6.8     NaN  927.87 
737500.000000 1589.1    NaN  942.91     NaN 1586.2    NaN  944.10     NaN   -36.4    NaN  945.65     NaN  -39.8    NaN  947.02     NaN 
737503.000000 1624.6 1622.2  974.03  982.71 1621.4 1620.1  975.38  983.74     6.0   -0.8  973.19  984.67    4.0   -3.5  974.07  985.71 
737527.000000 1595.5    NaN 1072.79     NaN 1592.9    NaN 1073.83     NaN   -22.6    NaN 1072.19     NaN  -26.2    NaN 1073.73     NaN 
737534.000000 1642.3    NaN 1003.98     NaN 1639.9    NaN 1004.60     NaN    23.2    NaN 1003.59     NaN   19.4    NaN 1005.03     NaN 
737536.000000    NaN 1604.5     NaN 1141.89    NaN 1601.2     NaN 1143.34     NaN  -18.2     NaN 1142.63    NaN  -20.2     NaN 1143.43 
737546.000000 1629.9 1634.4 1044.79 1082.70 1627.6 1633.1 1045.97 1083.24    12.9   13.0 1043.55 1083.58   10.2   11.2 1044.55 1084.28 
737570.000000 1608.6 1624.3 1070.99 1056.37 1607.3 1623.9 1071.34 1056.48    -6.7    7.3 1068.73 1054.77   -9.2    6.3 1070.01 1055.21 
737571.000000    NaN 1623.7     NaN 1024.01    NaN 1622.0     NaN 1024.77     NaN    4.3     NaN 1023.86    NaN    2.6     NaN 1024.45 
737574.000000 1630.9 1625.4 1027.49 1056.24 1628.8 1624.3 1028.44 1056.64    10.4    2.3 1027.97 1058.25    7.8    1.3 1029.16 1058.60 
737576.000000    NaN 1623.3     NaN 1080.85    NaN 1621.2     NaN 1081.85     NaN   -3.7     NaN 1084.60    NaN   -4.3     NaN 1084.85 
737577.000000    NaN 1627.7     NaN 1094.86    NaN 1626.2     NaN 1095.46     NaN    6.6     NaN 1095.36    NaN    5.7     NaN 1095.82 
737581.000000 1624.6    NaN 1027.37     NaN 1623.3    NaN 1027.81     NaN     8.2    NaN 1025.42     NaN    6.4    NaN 1026.03     NaN 
737582.000000    NaN 1622.5     NaN 1041.72    NaN 1621.9     NaN 1041.66     NaN    9.1     NaN 1038.22    NaN    8.9     NaN 1038.03 
737589.000000 1631.6    NaN 1052.16     NaN 1629.7    NaN 1052.91     NaN     7.7    NaN 1054.40     NaN    5.8    NaN 1055.23     NaN 
737590.000000 1615.3    NaN 1013.33     NaN 1613.8    NaN 1014.04     NaN    -2.3    NaN 1012.12     NaN   -3.7    NaN 1012.67     NaN 
737591.000000 1628.7 1607.1  961.74  979.23 1627.9 1604.9  961.93  980.01     9.7  -13.1  961.02  979.36    8.1  -13.4  961.58  979.32 
737592.000000 1613.7 1640.7  992.78  967.00 1612.6 1638.9  993.18  967.74    -4.9   21.1  992.09  966.63   -8.0   19.8  993.46  967.27 
737593.000000 1624.9    NaN  964.84     NaN 1623.6    NaN  965.74     NaN     5.6    NaN  964.89     NaN    3.9    NaN  965.58     NaN 
737594.000000 1637.6    NaN  936.70     NaN 1636.9    NaN  936.85     NaN    14.6    NaN  938.16     NaN   13.3    NaN  938.49     NaN 
737595.000000 1638.5 1624.1  943.90  957.50 1636.2 1622.5  944.96  958.31    16.9    1.6  944.69  959.04   15.7    0.5  945.01  959.33 
737596.000000 1636.4    NaN  948.52     NaN 1635.7    NaN  948.90     NaN    16.2    NaN  948.84     NaN   15.4    NaN  948.97     NaN 
737597.000000 1624.2 1616.0  978.84  995.00 1622.6 1615.0  979.35  995.49     4.5    1.9  978.66  992.09    2.3    0.8  979.74  992.67 
737598.000000 1632.2    NaN  982.73     NaN 1631.3    NaN  983.02     NaN    12.2    NaN  982.45     NaN   12.5    NaN  982.32     NaN 
737599.000000 1624.2 1614.7 1001.74 1029.05 1621.9 1613.2 1002.90 1029.48     4.6   -6.3 1001.66 1029.48    3.1   -9.8 1002.22 1031.02 
737600.000000 1626.1    NaN 1002.78     NaN 1624.3    NaN 1003.73     NaN     7.8    NaN 1001.71     NaN    7.9    NaN 1001.76     NaN 
737601.000000 1633.8    NaN  965.07     NaN 1633.4    NaN  965.14     NaN    16.2    NaN  963.61     NaN   15.5    NaN  963.90     NaN 
737602.000000    NaN 1632.1     NaN  993.53    NaN 1630.4     NaN  994.42     NaN    8.9     NaN  995.17    NaN    8.2     NaN  995.51 
737603.000000 1607.0 1642.6 1010.59  995.21 1606.0 1641.5 1011.11  995.73   -16.1   21.2 1012.36  995.95  -16.9   20.5 1012.46  996.34 
737604.000000 1614.0    NaN  996.68     NaN 1613.0    NaN  997.10     NaN    -5.3    NaN  996.32     NaN   -7.1    NaN  997.08     NaN 
737605.000000 1616.0 1638.5 1010.87  987.33 1615.2 1636.8 1011.30  988.06    -2.6   19.4 1010.32  986.99   -3.1   18.4 1010.40  987.28 
737606.000000 1638.2 1617.4  968.98  997.47 1637.5 1617.6  969.22  997.47    18.9   -2.0  968.66  997.01   17.1   -2.5  969.44  997.41 
