%Date etc_1_am etc_1_pm slope_1_am slope_1_pm  etc_2_am etc_2_pm slope_2_am slope_2_pm detc_1_am detc_1_pm dslope_1_am dslope_1_pm  detc_2_am detc_2_pm dslope_2_am dslope_2_p
736330.000000 1587.5    NaN  933.29     NaN 1587.9    NaN  933.06     NaN    14.6    NaN  934.54     NaN   15.7    NaN  934.08     NaN 
736332.000000 1567.6 1584.5  924.19  909.49 1569.3 1585.2  923.46  909.28    -3.8   14.4  924.88  909.63   -2.1   14.9  924.20  909.40 
736333.000000 1577.5 1581.6  882.26  885.06 1578.5 1582.9  881.76  884.31     9.8   10.9  881.45  885.18   11.3   11.4  880.77  885.00 
736336.000000 1558.1    NaN  891.96     NaN 1559.4    NaN  891.52     NaN   -10.4    NaN  891.40     NaN   -9.2    NaN  890.88     NaN 
736337.000000 1574.4    NaN  842.10     NaN 1576.4    NaN  841.39     NaN     2.6    NaN  842.76     NaN    6.6    NaN  841.45     NaN 
736339.000000 1524.4 1547.1  891.71  882.17 1526.8 1548.4  890.73  881.71   -46.6  -26.4  891.95  883.92  -43.3  -23.6  890.68  882.84 
736340.000000 1554.3    NaN  865.49     NaN 1554.6    NaN  865.46     NaN   -20.6    NaN  867.68     NaN  -20.9    NaN  867.91     NaN 
736341.000000    NaN 1576.9     NaN  880.35    NaN 1577.3     NaN  880.33     NaN    2.7     NaN  882.49    NaN    4.8     NaN  881.69 
736372.000000 1553.8    NaN  973.99     NaN 1555.6    NaN  973.32     NaN   -17.2    NaN  974.57     NaN  -16.1    NaN  974.20     NaN 
736375.000000 1559.6    NaN  940.61     NaN 1561.1    NaN  940.05     NaN   -10.2    NaN  940.62     NaN   -9.3    NaN  940.34     NaN 
736377.000000 1538.5    NaN  936.49     NaN 1540.7    NaN  935.56     NaN   -31.0    NaN  936.50     NaN  -29.5    NaN  935.98     NaN 
736384.000000    NaN 1536.5     NaN  956.43    NaN 1538.9     NaN  955.36     NaN  -35.5     NaN  957.59    NaN  -33.2     NaN  956.60 
736386.000000    NaN 1559.3     NaN 1028.75    NaN 1561.1     NaN 1027.76     NaN  -13.0     NaN 1029.89    NaN  -10.6     NaN 1028.92 
736387.000000    NaN 1566.9     NaN 1020.38    NaN 1568.5     NaN 1019.78     NaN   -3.4     NaN 1020.47    NaN   -1.4     NaN 1019.68 
736390.000000 1531.5    NaN 1097.64     NaN 1533.1    NaN 1096.90     NaN   -40.5    NaN 1098.71     NaN  -39.3    NaN 1098.24     NaN 
736393.000000 1553.3    NaN 1000.47     NaN 1555.5    NaN  999.60     NaN   -11.7    NaN  998.22     NaN   -9.4    NaN  997.29     NaN 
736396.000000 1533.1    NaN 1091.79     NaN 1535.6    NaN 1090.66     NaN   -33.6    NaN 1090.12     NaN  -30.6    NaN 1088.84     NaN 
736400.000000 1571.0    NaN  980.87     NaN 1575.5    NaN  977.99     NaN    -0.1    NaN  981.74     NaN    1.0    NaN  981.58     NaN 
736408.000000    NaN 1552.1     NaN  995.65    NaN 1553.5     NaN  995.02     NaN  -16.9     NaN  995.03    NaN  -14.7     NaN  994.08 
736417.000000 1530.5 1570.3 1028.49 1003.53 1532.4 1571.9 1027.78 1002.89   -38.7   -1.4 1027.95 1004.71  -36.4    1.8 1027.09 1003.21 
736421.000000    NaN 1556.5     NaN 1017.42    NaN 1558.5     NaN 1016.46     NaN   -9.8     NaN 1015.08    NaN   -7.3     NaN 1014.06 
736422.000000    NaN 1563.0     NaN 1126.06    NaN 1564.8     NaN 1125.37     NaN   -9.2     NaN 1127.38    NaN   -7.9     NaN 1126.75 
736424.000000 1550.5    NaN 1156.25     NaN 1552.6    NaN 1155.42     NaN   -24.0    NaN 1158.86     NaN  -21.9    NaN 1157.82     NaN 
736426.000000    NaN 1542.2     NaN 1126.11    NaN 1543.6     NaN 1125.59     NaN  -27.0     NaN 1125.70    NaN  -25.7     NaN 1125.34 
736429.000000 1567.3 1556.4 1020.54 1031.54 1569.4 1557.8 1019.58 1030.92    -4.3  -14.8 1021.34 1032.20   -2.4  -12.4 1020.49 1031.34 
736430.000000    NaN 1539.4     NaN 1051.57    NaN 1542.1     NaN 1050.13     NaN  -27.0     NaN 1049.91    NaN  -27.1     NaN 1049.95 
736431.000000    NaN 1544.4     NaN 1104.69    NaN 1547.5     NaN 1102.99     NaN  -21.1     NaN 1102.52    NaN  -18.8     NaN 1101.53 
736464.000000    NaN 1557.2     NaN 1030.62    NaN 1558.8     NaN 1029.96     NaN  -17.9     NaN 1033.82    NaN  -16.6     NaN 1033.37 
736465.000000 1568.3    NaN 1022.02     NaN 1570.1    NaN 1021.27     NaN    -0.8    NaN 1021.68     NaN    0.8    NaN 1020.94     NaN 
736466.000000    NaN 1539.0     NaN 1084.13    NaN 1539.8     NaN 1083.88     NaN  -30.6     NaN 1083.65    NaN  -29.4     NaN 1083.25 
736467.000000    NaN 1540.6     NaN 1084.97    NaN 1541.7     NaN 1084.60     NaN  -27.8     NaN 1084.06    NaN  -25.6     NaN 1082.99 
736468.000000 1564.3 1568.9 1068.13 1072.26 1566.7 1572.1 1067.19 1070.58    -1.2   -5.5 1066.05 1074.60   -1.5   -3.8 1066.13 1073.80 
736469.000000    NaN 1549.4     NaN 1094.60    NaN 1551.7     NaN 1093.62     NaN  -21.3     NaN 1095.00    NaN  -19.4     NaN 1094.18 
736470.000000 1552.5    NaN 1093.52     NaN 1554.1    NaN 1092.83     NaN   -18.1    NaN 1093.87     NaN  -15.1    NaN 1092.50     NaN 
736474.000000    NaN 1559.5     NaN 1061.50    NaN 1562.5     NaN 1060.01     NaN   -9.8     NaN 1061.03    NaN   -7.8     NaN 1060.19 
736479.000000 1566.5    NaN  954.38     NaN 1569.0    NaN  953.16     NaN    -2.5    NaN  953.86     NaN   -0.3    NaN  953.06     NaN 
736480.000000 1577.2 1566.5  959.58  969.22 1579.6 1568.3  958.58  968.66     5.3   -3.6  960.71  969.58    7.4   -2.2  959.80  969.15 
736481.000000 1575.7 1577.5  956.87  960.81 1577.4 1579.2  956.01  960.07     3.1    8.3  958.12  960.51    5.9   10.5  956.87  959.64 
736483.000000 1555.6    NaN  979.00     NaN 1557.2    NaN  978.32     NaN   -10.7    NaN  977.47     NaN  -10.3    NaN  977.10     NaN 
736485.000000 1560.1    NaN  990.70     NaN 1561.9    NaN  989.66     NaN    -1.4    NaN  985.89     NaN    0.1    NaN  985.16     NaN 
736487.000000 1571.9    NaN  993.68     NaN 1573.2    NaN  993.10     NaN    -3.8    NaN  996.86     NaN   -1.9    NaN  996.04     NaN 
736488.000000 1551.4    NaN  999.41     NaN 1552.8    NaN  998.95     NaN   -15.4    NaN  998.12     NaN  -14.2    NaN  997.55     NaN 
736489.000000 1571.9 1559.6  993.64 1001.58 1574.4 1561.3  992.49 1000.74     0.7   -9.7  994.26 1000.97    3.1   -7.4  993.21  999.95 
736490.000000    NaN 1570.8     NaN 1014.32    NaN 1572.0     NaN 1013.69     NaN   -3.0     NaN 1016.23    NaN   -1.7     NaN 1015.56 
736491.000000    NaN 1534.2     NaN 1013.39    NaN 1536.5     NaN 1012.42     NaN  -38.9     NaN 1015.07    NaN  -36.8     NaN 1014.27 
736493.000000    NaN 1569.4     NaN 1045.19    NaN 1570.9     NaN 1044.80     NaN   -1.7     NaN 1045.88    NaN    0.6     NaN 1044.91 
736494.000000    NaN 1564.5     NaN 1055.72    NaN 1566.2     NaN 1054.93     NaN   -0.6     NaN 1053.03    NaN    1.0     NaN 1052.25 
736500.000000    NaN 1574.5     NaN  956.99    NaN 1576.5     NaN  956.08     NaN    2.7     NaN  957.53    NaN    4.9     NaN  956.67 
736501.000000 1588.8    NaN  956.05     NaN 1590.6    NaN  955.33     NaN    16.4    NaN  956.97     NaN   18.2    NaN  956.15     NaN 
736509.000000 1533.0 1556.6 1074.12 1049.25 1534.3 1558.5 1073.62 1048.23   -35.2  -16.7 1073.35 1051.36  -34.4  -14.7 1072.96 1050.29 
736518.000000    NaN 1559.3     NaN 1097.63    NaN 1562.6     NaN 1095.91     NaN  -13.4     NaN 1099.42    NaN  -11.1     NaN 1098.41 
736528.000000 1571.4 1577.6  991.60 1000.38 1571.4 1577.6  991.60 1000.38    -0.7    3.4  990.17  999.83    4.3    8.4  990.17  999.83 
736540.000000 1570.6 1578.6  996.63  988.40 1570.6 1578.6  996.63  988.40    -5.9    2.8  997.48  988.84   -0.9    7.8  997.48  988.84 
736544.000000 1570.9 1570.2  976.48  982.18 1570.9 1570.2  976.48  982.18    -4.6   -5.9  976.76  982.39    0.4   -0.9  976.76  982.39 
736550.000000 1567.0    NaN 1026.70     NaN 1567.0    NaN 1026.70     NaN    -1.9    NaN 1023.57     NaN    3.1    NaN 1023.57     NaN 
736554.000000 1572.6 1567.7  963.86  974.74 1572.6 1567.7  963.86  974.74    -1.1   -7.6  963.40  974.85    3.9   -2.6  963.40  974.85 
736555.000000 1557.4 1573.0  975.41  978.67 1557.4 1573.0  975.41  978.67   -14.1   -4.1  973.58  979.49   -9.1    0.9  973.58  979.49 
736556.000000    NaN 1567.3     NaN  987.95    NaN 1567.3     NaN  987.95     NaN   -7.8     NaN  987.95    NaN   -2.8     NaN  987.95 
736557.000000    NaN 1578.8     NaN  987.96    NaN 1578.8     NaN  987.96     NaN    2.4     NaN  988.52    NaN    7.4     NaN  988.52 
736558.000000 1574.3    NaN  982.25     NaN 1574.3    NaN  982.25     NaN    -0.1    NaN  981.89     NaN    4.9    NaN  981.89     NaN 
736561.000000 1575.9 1576.6  990.26 1000.46 1575.9 1576.6  990.26 1000.46     0.4    1.1  990.40 1000.82    5.4    6.1  990.40 1000.82 
736562.000000    NaN 1578.8     NaN 1002.30    NaN 1578.8     NaN 1002.30     NaN   -0.6     NaN 1004.65    NaN    4.4     NaN 1004.65 
736565.000000 1577.3    NaN  961.21     NaN 1577.3    NaN  961.21     NaN     3.6    NaN  960.31     NaN    8.6    NaN  960.31     NaN 
736566.000000 1570.3 1551.8  958.98  980.79 1570.3 1551.8  958.98  980.79    -5.6  -26.8  959.38  982.19   -0.6  -21.8  959.38  982.19 
736573.000000    NaN 1562.0     NaN  988.73    NaN 1562.0     NaN  988.73     NaN   -8.8     NaN  986.17    NaN   -3.8     NaN  986.17 
736574.000000    NaN 1572.4     NaN 1011.97    NaN 1572.4     NaN 1011.97     NaN   -3.2     NaN 1012.24    NaN    1.8     NaN 1012.24 
736575.000000 1571.5    NaN 1028.02     NaN 1571.5    NaN 1028.02     NaN    -2.7    NaN 1027.63     NaN    2.3    NaN 1027.63     NaN 
736576.000000    NaN 1564.0     NaN  987.58    NaN 1564.0     NaN  987.58     NaN  -11.2     NaN  987.72    NaN   -6.2     NaN  987.72 
736578.000000    NaN 1583.7     NaN  964.44    NaN 1583.7     NaN  964.44     NaN    7.3     NaN  965.16    NaN   12.3     NaN  965.16 
736579.000000 1563.0 1556.9  967.10  978.32 1563.0 1556.9  967.10  978.32   -10.6  -17.2  966.51  977.87   -5.6  -12.2  966.51  977.87 
736581.000000 1560.7    NaN  975.35     NaN 1560.7    NaN  975.35     NaN   -16.0    NaN  976.19     NaN  -11.0    NaN  976.19     NaN 
736582.000000 1571.9 1576.6  934.60  931.47 1571.9 1576.6  934.60  931.47    -1.6    0.6  933.79  932.01    3.4    5.6  933.79  932.01 
736583.000000    NaN 1568.9     NaN  948.32    NaN 1568.9     NaN  948.32     NaN   -7.7     NaN  949.28    NaN   -2.7     NaN  949.28 
736584.000000    NaN 1560.3     NaN  978.10    NaN 1560.3     NaN  978.10     NaN  -15.7     NaN  978.81    NaN  -10.7     NaN  978.81 
736586.000000 1570.3    NaN  975.39     NaN 1570.3    NaN  975.39     NaN    -5.2    NaN  975.72     NaN   -0.2    NaN  975.72     NaN 
736587.000000 1587.2 1571.8  972.99  980.35 1587.2 1571.8  972.99  980.35    12.1   -7.1  973.06  982.10   17.1   -2.1  973.06  982.10 
736588.000000 1571.4 1572.2  971.61  964.42 1571.4 1572.2  971.61  964.42    -5.5   -1.1  972.53  963.33   -0.5    3.9  972.53  963.33 
736592.000000    NaN 1566.5     NaN  936.60    NaN 1566.5     NaN  936.60     NaN   -6.5     NaN  935.57    NaN   -1.5     NaN  935.57 
736593.000000 1577.3 1576.6  921.35  932.40 1577.3 1576.6  921.35  932.40     3.1    0.7  921.13  932.97    8.1    5.7  921.13  932.97 
736594.000000 1557.0 1575.9  960.23  946.40 1557.0 1575.9  960.23  946.40   -16.6    3.9  959.73  944.64  -11.6    8.9  959.73  944.64 
736595.000000 1573.8 1563.6  948.28  962.81 1573.8 1563.6  948.28  962.81     0.0  -13.2  947.65  963.96    5.0   -8.2  947.65  963.96 
736597.000000    NaN 1581.7     NaN  947.07    NaN 1581.7     NaN  947.07     NaN    3.0     NaN  949.09    NaN    8.0     NaN  949.09 
736600.000000    NaN 1571.4     NaN  915.82    NaN 1571.4     NaN  915.82     NaN   -7.4     NaN  918.02    NaN   -2.4     NaN  918.02 
736608.000000 1571.9    NaN  927.26     NaN 1571.9    NaN  927.26     NaN    -6.5    NaN  929.49     NaN   -1.5    NaN  929.49     NaN 
736609.000000 1558.4    NaN  953.39     NaN 1558.4    NaN  953.39     NaN   -15.1    NaN  952.40     NaN  -10.1    NaN  952.40     NaN 
736610.000000 1572.8    NaN  927.36     NaN 1572.8    NaN  927.36     NaN    -7.4    NaN  930.28     NaN   -2.4    NaN  930.28     NaN 
736612.000000 1577.8    NaN  950.05     NaN 1577.8    NaN  950.05     NaN     1.0    NaN  951.24     NaN    6.0    NaN  951.24     NaN 
736613.000000 1561.7    NaN  928.05     NaN 1561.7    NaN  928.05     NaN   -16.6    NaN  929.77     NaN  -11.6    NaN  929.77     NaN 
736614.000000    NaN 1581.0     NaN  891.88    NaN 1581.0     NaN  891.88     NaN    2.7     NaN  893.85    NaN    7.7     NaN  893.85 
736615.000000 1576.8    NaN  929.77     NaN 1576.8    NaN  929.77     NaN     0.8    NaN  930.43     NaN    5.8    NaN  930.43     NaN 
736643.000000    NaN 1561.9     NaN  957.58    NaN 1561.9     NaN  957.58     NaN  -13.1     NaN  957.61    NaN   -8.1     NaN  957.61 
736651.000000 1555.6    NaN  913.01     NaN 1555.6    NaN  913.01     NaN   -21.1    NaN  913.83     NaN  -16.1    NaN  913.83     NaN 
736659.000000 1526.3    NaN 1003.04     NaN 1526.3    NaN 1003.04     NaN   -44.9    NaN 1001.22     NaN  -39.9    NaN 1001.22     NaN 
736670.000000 1571.5    NaN  887.52     NaN 1571.5    NaN  887.52     NaN    -0.6    NaN  888.27     NaN   -0.6    NaN  888.27     NaN 
736680.000000 1584.5    NaN  854.81     NaN 1584.5    NaN  854.81     NaN    17.0    NaN  853.96     NaN   17.0    NaN  853.96     NaN 
736701.000000    NaN 1543.2     NaN  985.78    NaN 1543.2     NaN  985.78     NaN  -23.6     NaN  984.24    NaN  -23.6     NaN  984.24 
736709.000000 1567.2 1584.5  932.25  929.33 1567.2 1584.5  932.25  929.33     2.0   14.4  930.11  929.47    2.0   14.4  930.11  929.47 
736714.000000    NaN 1559.4     NaN  978.17    NaN 1559.4     NaN  978.17     NaN  -11.2     NaN  978.59    NaN  -11.2     NaN  978.59 
736723.000000 1539.8    NaN  986.86     NaN 1539.8    NaN  986.86     NaN   -26.2    NaN  984.93     NaN  -26.2    NaN  984.93     NaN 
736724.000000 1567.4    NaN  942.75     NaN 1567.4    NaN  942.75     NaN     4.1    NaN  939.57     NaN    4.1    NaN  939.57     NaN 
736742.000000    NaN 1561.0     NaN  936.00    NaN 1561.0     NaN  936.00     NaN  -25.0     NaN  936.60    NaN  -25.0     NaN  936.60 
736743.000000    NaN 1589.5     NaN  959.80    NaN 1589.5     NaN  959.80     NaN    3.1     NaN  960.65    NaN    3.1     NaN  960.65 
736745.000000    NaN 1583.3     NaN  888.17    NaN 1583.3     NaN  888.17     NaN   -1.3     NaN  887.89    NaN   -1.3     NaN  887.89 
736748.000000 1555.9    NaN 1043.26     NaN 1555.9    NaN 1043.26     NaN   -27.6    NaN 1042.69     NaN  -27.6    NaN 1042.69     NaN 
736752.000000 1539.3    NaN 1093.13     NaN 1539.3    NaN 1093.13     NaN   -39.7    NaN 1089.85     NaN  -39.7    NaN 1089.85     NaN 
736753.000000    NaN 1576.5     NaN 1039.01    NaN 1576.5     NaN 1039.01     NaN   -9.2     NaN 1039.47    NaN   -9.2     NaN 1039.47 
736757.000000    NaN 1547.8     NaN  991.00    NaN 1547.8     NaN  991.00     NaN  -40.1     NaN  992.63    NaN  -40.1     NaN  992.63 
736781.000000 1595.2    NaN 1092.65     NaN 1595.2    NaN 1092.65     NaN    14.7    NaN 1090.21     NaN   14.7    NaN 1090.21     NaN 
736782.000000    NaN 1580.9     NaN 1026.61    NaN 1580.9     NaN 1026.61     NaN   -0.2     NaN 1024.33    NaN   -0.2     NaN 1024.33 
736789.000000 1583.0    NaN  984.25     NaN 1583.0    NaN  984.25     NaN     0.4    NaN  983.14     NaN    0.4    NaN  983.14     NaN 
736794.000000 1585.1    NaN 1092.75     NaN 1585.1    NaN 1092.75     NaN     1.1    NaN 1092.18     NaN    1.1    NaN 1092.18     NaN 
736802.000000 1586.4 1605.4  977.86  959.38 1586.4 1605.4  977.86  959.38     0.2   22.7  978.43  958.27    0.2   22.7  978.43  958.27 
736817.000000    NaN 1599.6     NaN 1082.47    NaN 1599.6     NaN 1082.47     NaN   17.7     NaN 1081.07    NaN   17.7     NaN 1081.07 
736828.000000    NaN 1592.5     NaN 1109.64    NaN 1592.5     NaN 1109.64     NaN    4.8     NaN 1111.02    NaN    4.8     NaN 1111.02 
736836.000000 1611.8    NaN  962.24     NaN 1611.8    NaN  962.24     NaN    34.2    NaN  958.49     NaN   34.2    NaN  958.49     NaN 
736837.000000 1590.5    NaN 1040.45     NaN 1590.5    NaN 1040.45     NaN     6.0    NaN 1040.35     NaN    6.0    NaN 1040.35     NaN 
736854.000000 1596.8    NaN 1101.69     NaN 1596.8    NaN 1101.69     NaN    14.3    NaN 1100.53     NaN   14.3    NaN 1100.53     NaN 
736861.000000 1585.8    NaN  974.31     NaN 1585.8    NaN  974.31     NaN    -1.0    NaN  975.30     NaN   -1.0    NaN  975.30     NaN 
736862.000000 1584.0    NaN  968.02     NaN 1584.0    NaN  968.02     NaN    -0.8    NaN  967.88     NaN   -0.8    NaN  967.88     NaN 
736863.000000 1595.6    NaN  974.89     NaN 1595.6    NaN  974.89     NaN    12.7    NaN  973.81     NaN   12.7    NaN  973.81     NaN 
736875.000000 1583.0    NaN  970.36     NaN 1583.0    NaN  970.36     NaN    -3.4    NaN  971.29     NaN   -3.4    NaN  971.29     NaN 
736876.000000 1581.6    NaN  967.20     NaN 1581.6    NaN  967.20     NaN    -2.4    NaN  966.49     NaN   -2.4    NaN  966.49     NaN 
736877.000000 1592.8    NaN  959.50     NaN 1592.8    NaN  959.50     NaN     8.3    NaN  959.31     NaN    8.3    NaN  959.31     NaN 
736880.000000 1584.9    NaN 1003.42     NaN 1584.9    NaN 1003.42     NaN     1.8    NaN 1002.66     NaN    1.8    NaN 1002.66     NaN 
736883.000000 1582.2    NaN 1008.06     NaN 1582.2    NaN 1008.06     NaN    -3.0    NaN 1008.08     NaN   -3.0    NaN 1008.08     NaN 
736884.000000 1580.0    NaN 1011.11     NaN 1580.0    NaN 1011.11     NaN    -4.5    NaN 1011.00     NaN   -4.5    NaN 1011.00     NaN 
736887.000000 1593.0    NaN 1053.98     NaN 1593.0    NaN 1053.98     NaN    11.2    NaN 1052.31     NaN   11.2    NaN 1052.31     NaN 
736896.000000    NaN 1597.5     NaN  980.59    NaN 1597.5     NaN  980.59     NaN   14.2     NaN  979.72    NaN   14.2     NaN  979.72 
736897.000000 1582.6    NaN 1002.82     NaN 1582.6    NaN 1002.82     NaN    -2.4    NaN 1002.76     NaN   -2.4    NaN 1002.76     NaN 
736898.000000 1586.1 1588.9 1032.95 1037.03 1586.1 1588.9 1032.95 1037.03     0.8    1.4 1032.99 1038.06    0.8    1.4 1032.99 1038.06 
736907.000000    NaN 1595.6     NaN 1001.27    NaN 1595.6     NaN 1001.27     NaN   12.3     NaN  999.95    NaN   12.3     NaN  999.95 
736909.000000 1585.5    NaN  986.18     NaN 1585.5    NaN  986.18     NaN     1.5    NaN  985.46     NaN    1.5    NaN  985.46     NaN 
736910.000000 1586.7    NaN  973.45     NaN 1586.7    NaN  973.45     NaN     0.7    NaN  973.99     NaN    0.7    NaN  973.99     NaN 
736911.000000 1580.4    NaN  995.47     NaN 1580.4    NaN  995.47     NaN    -1.8    NaN  994.25     NaN   -1.8    NaN  994.25     NaN 
736912.000000 1579.3    NaN  981.02     NaN 1579.3    NaN  981.02     NaN    -4.7    NaN  980.43     NaN   -4.7    NaN  980.43     NaN 
736913.000000 1581.2    NaN  978.36     NaN 1581.2    NaN  978.36     NaN    -2.9    NaN  977.79     NaN   -2.9    NaN  977.79     NaN 
736919.000000 1590.8 1586.9  947.68  961.16 1590.8 1586.9  947.68  961.16     7.3    1.7  946.93  961.18    7.3    1.7  946.93  961.18 
736920.000000    NaN 1580.0     NaN  966.30    NaN 1580.0     NaN  966.30     NaN   -3.3     NaN  965.38    NaN   -3.3     NaN  965.38 
736922.000000 1584.8 1592.5  981.96  981.35 1584.8 1592.5  981.96  981.35    -0.1    7.3  982.09  981.56   -0.1    7.3  982.09  981.56 
736924.000000 1586.3 1581.4  975.66  977.44 1586.3 1581.4  975.66  977.44     1.2   -4.5  975.72  977.92    1.2   -4.5  975.72  977.92 
736925.000000 1587.4    NaN  973.94     NaN 1587.4    NaN  973.94     NaN     2.0    NaN  974.16     NaN    2.0    NaN  974.16     NaN 
736926.000000 1579.3    NaN  976.22     NaN 1579.3    NaN  976.22     NaN    -6.3    NaN  976.58     NaN   -6.3    NaN  976.58     NaN 
736936.000000 1597.4    NaN  950.11     NaN 1597.4    NaN  950.11     NaN    12.4    NaN  950.22     NaN   12.4    NaN  950.22     NaN 
736937.000000 1583.2    NaN  989.85     NaN 1583.2    NaN  989.85     NaN     0.0    NaN  989.04     NaN    0.0    NaN  989.04     NaN 
736938.000000    NaN 1585.7     NaN  987.77    NaN 1585.7     NaN  987.77     NaN   -2.1     NaN  989.39    NaN   -2.1     NaN  989.39 
736940.000000 1577.4    NaN  958.80     NaN 1577.4    NaN  958.80     NaN    -8.1    NaN  959.00     NaN   -8.1    NaN  959.00     NaN 
736941.000000 1592.3 1599.2  939.51  932.68 1592.3 1599.2  939.51  932.68     9.4   18.0  938.23  930.52    9.4   18.0  938.23  930.52 
736944.000000    NaN 1577.0     NaN  962.81    NaN 1577.0     NaN  962.81     NaN   -8.6     NaN  963.28    NaN   -8.6     NaN  963.28 
736948.000000 1583.2    NaN  959.44     NaN 1583.2    NaN  959.44     NaN    -3.2    NaN  959.93     NaN   -3.2    NaN  959.93     NaN 
736950.000000 1590.6    NaN  975.76     NaN 1590.6    NaN  975.76     NaN     5.4    NaN  975.77     NaN    5.4    NaN  975.77     NaN 
736970.000000 1584.0    NaN  982.58     NaN 1584.0    NaN  982.58     NaN    -0.5    NaN  982.22     NaN   -0.5    NaN  982.22     NaN 
736971.000000 1591.8 1598.7  967.11  959.65 1591.8 1598.7  967.11  959.65     8.6   14.7  966.13  959.27    8.6   14.7  966.13  959.27 
736972.000000 1583.0    NaN  960.76     NaN 1583.0    NaN  960.76     NaN    -1.5    NaN  960.49     NaN   -1.5    NaN  960.49     NaN 
736973.000000 1587.6 1584.1  958.60  973.08 1587.6 1584.1  958.60  973.08     4.0   -2.1  957.49  973.62    4.0   -2.1  957.49  973.62 
736974.000000 1584.3 1602.7  974.44  957.37 1584.3 1602.7  974.44  957.37    -0.9   16.2  974.74  958.60   -0.9   16.2  974.74  958.60 
736975.000000 1603.7    NaN  946.00     NaN 1603.7    NaN  946.00     NaN    20.4    NaN  945.00     NaN   20.4    NaN  945.00     NaN 
736987.000000 1584.0 1595.5  941.14  926.68 1584.0 1595.5  941.14  926.68    -2.0    7.4  941.70  928.53   -2.0    7.4  941.70  928.53 
736997.000000    NaN 1595.6     NaN  916.56    NaN 1595.6     NaN  916.56     NaN   11.2     NaN  916.20    NaN   11.2     NaN  916.20 
736998.000000 1593.2    NaN  936.89     NaN 1593.2    NaN  936.89     NaN     7.9    NaN  937.11     NaN    7.9    NaN  937.11     NaN 
736999.000000 1601.9 1587.8  948.85  955.63 1601.9 1587.8  948.85  955.63    19.4    2.1  947.83  955.96   19.4    2.1  947.83  955.96 
737000.000000 1581.2    NaN  937.37     NaN 1581.2    NaN  937.37     NaN    -5.0    NaN  937.88     NaN   -5.0    NaN  937.88     NaN 
737001.000000    NaN 1571.7     NaN  934.60    NaN 1571.7     NaN  934.60     NaN  -12.9     NaN  934.51    NaN  -12.9     NaN  934.51 
737011.000000    NaN 1598.9     NaN  939.53    NaN 1598.9     NaN  939.53     NaN   13.7     NaN  939.81    NaN   13.7     NaN  939.81 
737018.000000 1586.4    NaN  981.56     NaN 1586.4    NaN  981.56     NaN     7.0    NaN  979.41     NaN    7.0    NaN  979.41     NaN 
737049.000000 1560.9    NaN  937.09     NaN 1560.9    NaN  937.09     NaN   -25.9    NaN  937.58     NaN  -25.9    NaN  937.58     NaN 
737057.000000    NaN 1564.5     NaN  941.06    NaN 1564.5     NaN  941.06     NaN  -18.9     NaN  940.39    NaN  -18.9     NaN  940.39 
737061.000000 1573.6 1590.5  990.44  975.03 1573.6 1590.5  990.44  975.03   -10.9    4.4  990.22  975.66  -10.9    4.4  990.22  975.66 
737062.000000 1603.1 1576.1  970.76  994.69 1603.1 1576.1  970.76  994.69    17.5   -9.1  971.16  994.77   17.5   -9.1  971.16  994.77 
737064.000000 1578.9 1595.8  945.42  938.95 1578.9 1595.8  945.42  938.95    -4.6   10.5  944.83  939.01   -4.6   10.5  944.83  939.01 
737070.000000 1624.2 1574.1  900.18  927.57 1624.2 1574.1  900.18  927.57    38.3   -8.8  900.69  926.37   38.3   -8.8  900.69  926.37 
737071.000000    NaN 1582.9     NaN  886.32    NaN 1582.9     NaN  886.32     NaN   -0.3     NaN  885.58    NaN   -0.3     NaN  885.58 
737072.000000 1598.6 1564.9  907.94  928.89 1598.6 1564.9  907.94  928.89    12.3  -22.2  908.74  929.95   12.3  -22.2  908.74  929.95 
737079.000000 1599.1 1570.5  987.73  993.52 1599.1 1570.5  987.73  993.52    16.0  -14.3  986.94  993.42   16.0  -14.3  986.94  993.42 
737080.000000 1577.1 1591.6 1028.23 1008.73 1577.1 1591.6 1028.23 1008.73   -10.4    6.7 1029.63 1008.75  -10.4    6.7 1029.63 1008.75 
737085.000000 1608.4 1579.9  991.56 1006.71 1608.4 1579.9  991.56 1006.71    19.9   -3.5  993.21 1006.04   19.9   -3.5  993.21 1006.04 
737108.000000 1605.0    NaN  996.54     NaN 1609.9    NaN  994.50     NaN   -13.8    NaN  995.64     NaN   -3.1    NaN  993.24     NaN 
737124.000000 1604.8    NaN  909.74     NaN 1609.6    NaN  907.69     NaN   -16.0    NaN  910.10     NaN   -6.6    NaN  908.46     NaN 
737129.000000    NaN 1600.4     NaN 1000.01    NaN 1603.8     NaN  998.27     NaN  -14.9     NaN  996.73    NaN   -6.8     NaN  995.17 
737130.000000    NaN 1634.7     NaN  987.05    NaN 1636.7     NaN  986.34     NaN   14.6     NaN  986.95    NaN   23.0     NaN  985.33 
737131.000000    NaN 1632.6     NaN 1012.00    NaN 1635.0     NaN 1011.06     NaN   11.8     NaN 1012.70    NaN   19.3     NaN 1011.56 
737132.000000    NaN 1641.3     NaN  976.38    NaN 1643.5     NaN  975.60     NaN   21.4     NaN  976.54    NaN   28.6     NaN  975.66 
737133.000000 1622.7    NaN  970.57     NaN 1623.2    NaN  970.60     NaN     2.5    NaN  970.74     NaN   10.9    NaN  969.12     NaN 
737138.000000 1591.5    NaN 1006.31     NaN 1592.5    NaN 1006.14     NaN   -31.6    NaN 1008.08     NaN  -23.8    NaN 1006.87     NaN 
737139.000000 1625.6 1583.3  957.30  990.89 1627.4 1583.9  956.56  990.60     5.3  -32.2  957.61  988.50   12.0  -25.8  956.94  987.75 
737140.000000 1598.9    NaN  959.76     NaN 1601.0    NaN  958.68     NaN   -19.9    NaN  959.10     NaN  -12.7    NaN  958.01     NaN 
737141.000000 1616.9 1622.1  953.67  952.42 1619.4 1623.3  952.82  951.93     1.2    0.2  951.03  953.59    9.8    6.4  949.45  953.05 
737142.000000 1616.0 1608.3  951.52  988.67 1616.3 1611.2  951.58  987.24    -1.3  -14.9  950.15  989.97    3.9   -7.7  950.22  989.10 
737143.000000 1604.4    NaN 1009.69     NaN 1608.0    NaN 1007.99     NaN   -14.9    NaN 1009.37     NaN   -6.8    NaN 1007.99     NaN 
737144.000000    NaN 1607.6     NaN 1079.92    NaN 1610.2     NaN 1078.70     NaN  -15.4     NaN 1081.58    NaN   -9.0     NaN 1080.92 
737149.000000    NaN 1630.8     NaN 1124.68    NaN 1632.8     NaN 1124.00     NaN   13.2     NaN 1125.12    NaN   18.2     NaN 1123.71 
737150.000000 1621.4    NaN 1095.71     NaN 1624.0    NaN 1094.49     NaN    -7.2    NaN 1102.20     NaN   -2.8    NaN 1101.10     NaN 
737153.000000 1620.8    NaN 1029.54     NaN 1622.6    NaN 1028.82     NaN     7.3    NaN 1027.74     NaN   10.7    NaN 1027.23     NaN 
737155.000000 1601.4 1582.8 1006.70 1026.94 1602.8 1586.3 1005.93 1025.28    -9.1  -33.6 1003.16 1026.69   -6.3  -29.9 1002.82 1025.91 
737160.000000 1611.7 1618.6 1099.64 1092.59 1614.8 1619.4 1098.32 1092.07    -1.4    5.5 1097.43 1090.30    2.0    7.8 1097.03 1090.13 
737161.000000 1628.4 1607.0 1080.81 1089.31 1631.0 1608.8 1079.75 1088.63    13.8   -6.8 1079.39 1087.81   17.0   -4.3 1079.04 1087.78 
737162.000000 1629.0    NaN 1114.76     NaN 1630.8    NaN 1114.00     NaN    14.8    NaN 1113.47     NaN   17.5    NaN 1113.29     NaN 
737163.000000 1613.2    NaN 1071.10     NaN 1615.5    NaN 1070.01     NaN    -6.2    NaN 1072.70     NaN   -2.0    NaN 1071.64     NaN 
737164.000000 1611.8    NaN 1052.56     NaN 1613.6    NaN 1051.78     NaN    -2.4    NaN 1051.27     NaN    1.1    NaN 1050.65     NaN 
737165.000000    NaN 1606.6     NaN 1072.74    NaN 1607.0     NaN 1072.53     NaN  -11.6     NaN 1073.36    NaN   -8.0     NaN 1072.60 
737167.000000 1619.0    NaN 1110.99     NaN 1621.1    NaN 1109.97     NaN     3.3    NaN 1110.32     NaN    6.6    NaN 1109.72     NaN 
737175.000000    NaN 1617.6     NaN 1097.95    NaN 1619.6     NaN 1096.88     NaN   -0.9     NaN 1098.69    NaN    3.0     NaN 1097.91 
737178.000000 1598.3 1611.9 1091.81 1081.57 1600.6 1612.2 1090.67 1081.46   -22.1   -8.8 1093.80 1083.38  -18.0   -4.4 1092.97 1082.51 
737183.000000 1578.7    NaN 1091.22     NaN 1581.3    NaN 1090.16     NaN   -37.3    NaN 1090.63     NaN  -33.5    NaN 1089.81     NaN 
737184.000000 1620.1    NaN 1074.34     NaN 1622.5    NaN 1073.41     NaN     5.4    NaN 1073.37     NaN   10.2    NaN 1071.94     NaN 
737191.000000    NaN 1625.4     NaN 1071.97    NaN 1627.0     NaN 1071.29     NaN    7.9     NaN 1072.22    NaN   11.8     NaN 1071.61 
737193.000000 1619.0 1631.1 1036.01 1033.07 1621.1 1632.9 1035.05 1032.36     2.1    9.6 1035.94 1035.51    6.4   12.6 1034.92 1034.95 
737194.000000 1602.5    NaN 1051.08     NaN 1604.5    NaN 1050.23     NaN    -7.9    NaN 1051.54     NaN  -11.5    NaN 1051.07     NaN 
737195.000000    NaN 1603.5     NaN 1106.20    NaN 1605.4     NaN 1105.14     NaN   -9.8     NaN 1107.96    NaN  -12.1     NaN 1106.91 
737196.000000    NaN 1610.5     NaN 1137.90    NaN 1612.1     NaN 1137.30     NaN    4.0     NaN 1136.00    NaN    0.6     NaN 1135.37 
737197.000000 1579.2 1630.6 1121.85 1092.65 1581.1 1631.7 1121.02 1092.21   -22.0   17.0 1116.89 1094.50  -26.1   14.2 1116.64 1093.63 
737198.000000 1626.5 1590.3 1083.55 1129.06 1628.9 1590.7 1082.37 1129.16    17.5  -23.6 1083.18 1131.11   14.6  -27.3 1081.99 1130.44 
737200.000000 1607.2    NaN 1091.94     NaN 1609.6    NaN 1090.83     NaN    -8.4    NaN 1094.68     NaN  -12.3    NaN 1094.11     NaN 
737201.000000    NaN 1622.6     NaN 1114.55    NaN 1624.2     NaN 1113.75     NaN   12.1     NaN 1114.79    NaN    7.4     NaN 1114.64 
737207.000000    NaN 1599.8     NaN 1077.29    NaN 1601.4     NaN 1076.65     NaN  -10.6     NaN 1077.39    NaN  -12.2     NaN 1075.88 
737208.000000 1615.1 1612.8 1094.88 1085.92 1616.7 1615.8 1094.17 1084.64     4.0    4.6 1095.31 1085.20   -0.0    0.7 1094.68 1084.66 
737209.000000 1617.8 1602.3 1070.27 1089.89 1619.5 1604.0 1069.48 1089.09     6.1   -3.7 1071.27 1087.81    4.1   -7.3 1069.86 1086.85 
737210.000000    NaN 1587.8     NaN 1133.03    NaN 1589.3     NaN 1132.41     NaN  -24.3     NaN 1134.44    NaN  -28.6     NaN 1134.12 
737211.000000    NaN 1618.6     NaN 1084.62    NaN 1620.2     NaN 1083.91     NaN   11.4     NaN 1083.20    NaN    8.6     NaN 1082.30 
737213.000000    NaN 1606.4     NaN 1121.83    NaN 1608.0     NaN 1121.39     NaN   -4.7     NaN 1122.28    NaN   -7.1     NaN 1121.39 
737214.000000    NaN 1585.9     NaN 1114.71    NaN 1587.2     NaN 1114.16     NaN  -21.8     NaN 1113.72    NaN  -26.7     NaN 1113.72 
737221.000000    NaN 1608.2     NaN 1074.91    NaN 1609.0     NaN 1074.59     NaN   -3.9     NaN 1076.01    NaN   -8.0     NaN 1075.70 
737222.000000 1595.4    NaN 1039.58     NaN 1596.9    NaN 1038.92     NaN   -16.9    NaN 1040.86     NaN  -20.2    NaN 1040.04     NaN 
737223.000000 1598.6 1600.2 1030.82 1032.63 1601.8 1601.9 1029.26 1032.09   -12.6   -3.8 1031.51 1029.54  -15.1   -7.6 1030.51 1028.88 
737224.000000    NaN 1598.1     NaN 1082.33    NaN 1600.0     NaN 1081.43     NaN  -12.3     NaN 1082.39    NaN  -15.7     NaN 1081.68 
737225.000000 1617.8 1589.0 1070.48 1093.41 1620.0 1590.4 1069.46 1092.98     8.5  -26.1 1069.98 1096.27    5.7  -28.3 1068.98 1095.20 
737226.000000 1620.1 1591.8 1088.61 1104.26 1620.9 1593.2 1088.25 1103.59     7.1  -17.4 1090.15 1103.93    5.3  -21.0 1088.70 1103.38 
737228.000000 1620.6    NaN 1085.71     NaN 1622.6    NaN 1084.78     NaN    11.6    NaN 1084.96     NaN    8.7    NaN 1084.07     NaN 
737230.000000 1603.3    NaN 1056.21     NaN 1607.1    NaN 1054.37     NaN    -5.7    NaN 1055.52     NaN   -7.7    NaN 1054.14     NaN 
737231.000000    NaN 1625.4     NaN 1007.22    NaN 1627.2     NaN 1006.41     NaN   10.2     NaN 1009.79    NaN    6.8     NaN 1009.12 
737232.000000    NaN 1595.0     NaN 1023.49    NaN 1596.1     NaN 1022.81     NaN  -17.4     NaN 1024.60    NaN  -21.0     NaN 1023.94 
737233.000000 1603.1 1621.6 1024.21  996.37 1604.8 1622.1 1023.71  996.11   -10.7    8.9 1026.49  997.71  -13.5    2.4 1025.48  998.48 
737234.000000 1630.3 1607.1  991.52 1008.06 1632.6 1608.5  990.63 1007.26    20.7   -3.5  991.46 1008.03   18.1   -7.9  990.35 1007.90 
737235.000000 1592.7 1613.0 1003.24  998.77 1595.2 1616.2 1002.12  997.27   -16.0    3.6 1002.64  998.48  -18.1   -0.1 1001.28  997.87 
737236.000000    NaN 1615.2     NaN 1014.49    NaN 1618.5     NaN 1012.86     NaN    0.6     NaN 1016.60    NaN   -1.1     NaN 1015.30 
737237.000000 1624.6 1621.9  987.97  995.79 1625.7 1624.0  987.28  994.78    12.2   12.7  989.08  995.07    9.7    9.4  987.90  994.46 
737238.000000 1629.7    NaN  979.22     NaN 1631.5    NaN  978.70     NaN    18.8    NaN  979.63     NaN   16.5    NaN  978.56     NaN 
737239.000000 1621.4    NaN  979.07     NaN 1624.1    NaN  977.98     NaN    10.9    NaN  979.22     NaN    8.5    NaN  978.11     NaN 
737241.000000 1602.8    NaN 1054.27     NaN 1605.5    NaN 1052.87     NaN    -7.4    NaN 1054.21     NaN   -9.3    NaN 1052.76     NaN 
737242.000000 1623.2    NaN 1002.49     NaN 1625.1    NaN 1001.62     NaN    12.7    NaN 1002.88     NaN    9.5    NaN 1001.98     NaN 
737243.000000 1622.2 1618.4 1002.02 1016.48 1623.8 1620.3 1001.38 1015.45    11.5    9.9 1002.49 1015.47    7.5    8.2 1002.02 1013.93 
737248.000000 1616.4    NaN 1014.18     NaN 1618.1    NaN 1013.46     NaN     5.3    NaN 1014.80     NaN    1.7    NaN 1014.31     NaN 
737256.000000    NaN 1611.7     NaN 1021.74    NaN 1613.4     NaN 1020.87     NaN   -2.6     NaN 1023.88    NaN   -7.4     NaN 1023.83 
737257.000000 1607.2    NaN 1015.20     NaN 1609.4    NaN 1014.30     NaN    -5.2    NaN 1016.57     NaN   -7.9    NaN 1015.72     NaN 
737258.000000 1615.0    NaN 1005.63     NaN 1618.2    NaN 1004.27     NaN     6.5    NaN 1004.74     NaN    2.9    NaN 1004.20     NaN 
737259.000000 1631.7    NaN  974.96     NaN 1633.2    NaN  974.34     NaN    21.5    NaN  974.99     NaN   17.0    NaN  974.91     NaN 
737263.000000 1622.4    NaN  993.32     NaN 1623.0    NaN  993.11     NaN    12.7    NaN  992.89     NaN    9.1    NaN  992.49     NaN 
737287.000000 1633.5 1631.9  972.09  980.67 1635.6 1633.9  971.31  979.95    17.4   13.2  971.58  981.81   17.6   12.5  970.13  980.95 
737288.000000 1606.3 1615.4 1005.51 1006.47 1608.7 1616.7 1004.53 1006.04   -10.3   -2.4 1005.50 1007.06  -11.7   -3.9 1004.91 1006.30 
737289.000000 1617.5    NaN 1000.79     NaN 1619.5    NaN  999.77     NaN     0.8    NaN 1000.65     NaN   -0.6    NaN  999.81     NaN 
737290.000000 1625.2    NaN  977.22     NaN 1628.4    NaN  975.97     NaN     9.0    NaN  976.80     NaN    9.1    NaN  975.78     NaN 
737291.000000 1620.1    NaN  969.84     NaN 1622.4    NaN  968.96     NaN     2.9    NaN  969.76     NaN    2.9    NaN  968.45     NaN 
737292.000000 1633.0    NaN  943.51     NaN 1635.7    NaN  942.27     NaN    15.1    NaN  943.86     NaN   15.9    NaN  942.19     NaN 
737293.000000 1625.9    NaN  958.35     NaN 1628.5    NaN  957.37     NaN     8.9    NaN  958.38     NaN    9.4    NaN  957.07     NaN 
737295.000000 1623.5 1622.8  955.36  960.43 1626.0 1624.1  954.25  959.75    11.5    4.6  952.32  960.90   10.6    3.0  951.10  960.30 
737296.000000 1623.1 1617.9  959.88  970.42 1625.8 1620.2  958.80  969.53     4.6   -2.1  960.81  971.84    4.9   -3.8  959.18  971.39 
737297.000000 1631.5 1625.7  972.13  983.02 1634.2 1627.7  970.92  982.14    14.8    9.0  971.85  982.99   15.9    8.5  969.98  981.79 
737298.000000 1619.3 1623.0 1000.59  999.26 1621.9 1624.5  999.56  998.83     3.0    7.3 1000.18  998.75    3.9    4.2  998.44  998.83 
737299.000000 1623.4 1618.7  991.11  997.67 1626.3 1619.4  989.80  997.33     5.9    0.1  991.54  998.60    5.0   -1.8  990.53  998.10 
737300.000000 1620.5 1622.7  967.57  969.66 1622.2 1625.1  967.00  968.77     3.3    6.0  967.83  969.41    2.5    3.7  967.04  969.40 
737301.000000 1629.6 1611.4  960.33  984.90 1632.7 1611.9  958.63  984.66    13.9   -6.0  959.57  984.65   13.0   -6.8  958.77  983.50 
737302.000000 1607.4 1612.9  987.57  992.94 1609.2 1614.7  986.77  992.12    -7.8   -4.7  986.49  993.24   -8.8   -6.4  985.56  992.73 
737303.000000 1620.0 1615.2  982.09  999.14 1622.0 1616.1  981.49  998.66     5.3   -2.8  980.91  999.60    4.0   -4.7  980.48  999.10 
737304.000000 1628.0 1629.9  975.67  976.78 1630.9 1631.2  974.34  976.28    11.0   10.3  975.47  977.78   10.6    9.5  974.21  977.02 
737305.000000 1619.7 1628.4  980.61  972.89 1621.6 1629.4  979.86  972.41     3.0   10.1  980.57  973.88    1.7    7.9  979.98  973.26 
737309.000000    NaN 1619.5     NaN  990.51    NaN 1620.8     NaN  989.99     NaN    0.6     NaN  991.59    NaN    0.9     NaN  990.13 
737310.000000 1633.4    NaN 1001.85     NaN 1634.6    NaN 1001.41     NaN    16.3    NaN 1001.94     NaN   14.5    NaN 1001.38     NaN 
737313.000000 1616.8    NaN  987.99     NaN 1619.3    NaN  986.86     NaN     2.6    NaN  986.60     NaN    0.5    NaN  986.41     NaN 
737314.000000    NaN 1620.2     NaN  989.02    NaN 1622.6     NaN  987.83     NaN    4.7     NaN  987.97    NaN    4.5     NaN  986.81 
737319.000000 1619.2 1622.4  949.00  960.78 1620.9 1623.7  948.37  960.38     1.9    6.6  948.94  960.07    1.6    4.9  947.97  959.53 
737320.000000 1627.1    NaN  956.30     NaN 1630.4    NaN  955.03     NaN    11.1    NaN  955.64     NaN   11.9    NaN  954.10     NaN 
737321.000000 1602.7 1627.2  978.12  955.88 1604.8 1629.2  977.16  954.90   -13.3   11.4  977.73  955.18  -14.3    8.4  976.90  955.30 
737322.000000 1621.8    NaN  936.10     NaN 1624.7    NaN  934.59     NaN     5.2    NaN  936.01     NaN    6.1    NaN  934.39     NaN 
737324.000000 1634.5 1626.8  937.59  942.42 1638.7 1627.9  935.61  941.99    18.5    8.0  937.29  943.64   18.0    5.7  936.23  943.33 
737325.000000 1627.4 1633.7  940.77  939.02 1629.2 1636.3  940.04  937.86    12.8   14.7  939.52  939.98   11.7   12.0  938.60  940.04 
737328.000000 1631.2    NaN  939.98     NaN 1632.7    NaN  939.24     NaN    13.6    NaN  940.30     NaN   12.4    NaN  939.50     NaN 
737329.000000 1631.4    NaN  935.94     NaN 1633.0    NaN  935.25     NaN    14.5    NaN  935.59     NaN   13.1    NaN  935.04     NaN 
737336.000000 1620.6    NaN  964.06     NaN 1622.4    NaN  963.31     NaN    -0.5    NaN  966.41     NaN   -1.2    NaN  965.37     NaN 
737345.000000 1608.0    NaN  949.33     NaN 1609.2    NaN  948.92     NaN    -7.6    NaN  948.65     NaN   -9.0    NaN  948.01     NaN 
737346.000000 1602.5    NaN  909.21     NaN 1604.6    NaN  908.40     NaN   -16.3    NaN  909.96     NaN  -15.9    NaN  908.53     NaN 
737348.000000 1611.0 1618.4  847.90  842.82 1612.2 1618.4  847.38  842.89    -6.8   -3.5  848.20  845.69   -7.4   -5.1  847.24  845.07 
737349.000000 1606.2    NaN  864.84     NaN 1608.4    NaN  864.13     NaN   -11.6    NaN  865.00     NaN  -11.0    NaN  863.71     NaN 
737364.000000 1621.6    NaN  987.24     NaN 1623.3    NaN  986.51     NaN    16.1    NaN  984.63     NaN    8.2    NaN  983.86     NaN 
737367.000000 1616.1 1603.0  925.34  929.44 1617.7 1604.2  924.73  929.11     3.5   -6.1  926.73  928.86   -5.4  -14.5  926.36  928.46 
737369.000000 1619.8    NaN  921.70     NaN 1622.2    NaN  920.92     NaN     9.7    NaN  921.75     NaN    2.3    NaN  920.75     NaN 
737370.000000 1618.9 1617.4  908.91  909.11 1620.7 1618.4  908.19  908.70    11.6    6.6  907.66  909.70    2.3   -2.0  907.36  909.10 
737371.000000 1627.9 1614.1  885.80  892.66 1629.4 1614.9  885.18  892.49    16.3    4.9  886.51  892.46    8.4   -5.1  885.89  892.55 
737372.000000 1618.2 1622.5  876.10  869.87 1620.0 1623.3  875.46  869.64     7.4   13.3  876.53  869.34   -0.8    3.9  875.86  869.08 
737373.000000 1639.3    NaN  857.63     NaN 1641.7    NaN  856.61     NaN    28.0    NaN  858.24     NaN   20.8    NaN  857.04     NaN 
737374.000000    NaN 1612.1     NaN  866.20    NaN 1615.1     NaN  864.94     NaN   -0.2     NaN  867.60    NaN   -8.4     NaN  866.97 
737375.000000 1631.4    NaN  867.78     NaN 1633.1    NaN  867.19     NaN    19.3    NaN  868.79     NaN   12.0    NaN  867.65     NaN 
737389.000000 1585.2 1638.5  857.89  815.29 1588.4 1640.7  856.52  814.62   -28.0   27.6  859.52  815.71  -36.3   19.4  858.79  815.09 
737392.000000    NaN 1635.8     NaN  805.08    NaN 1637.3     NaN  804.73     NaN   26.3     NaN  804.74    NaN   18.5     NaN  803.99 
737396.000000 1622.2 1639.2  837.80  831.20 1623.8 1642.2  837.13  830.06    11.0   30.4  838.21  830.74    2.9   23.4  837.55  829.61 
737397.000000 1601.9 1628.1  854.23  840.91 1604.3 1630.8  853.28  839.86   -10.1   17.0  855.10  841.50  -18.3   10.5  854.38  840.27 
737398.000000 1617.7    NaN  840.43     NaN 1619.6    NaN  839.71     NaN     5.4    NaN  841.54     NaN   -2.2    NaN  840.50     NaN 
737399.000000 1643.7    NaN  844.94     NaN 1645.9    NaN  843.96     NaN    36.1    NaN  843.81     NaN   28.7    NaN  842.63     NaN 
737402.000000 1633.4 1598.8  833.69  845.84 1635.8 1599.2  832.67  845.98    13.6  -10.9  838.30  845.82    8.4  -20.7  836.35  845.93 
737404.000000 1640.5 1597.2  810.70  838.50 1642.5 1597.8  809.83  838.38    30.5  -14.3  810.68  839.20   22.5  -23.0  809.83  838.74 
737405.000000    NaN 1639.8     NaN  857.06    NaN 1642.0     NaN  856.15     NaN   30.5     NaN  856.94    NaN   22.2     NaN  856.33 
737406.000000 1617.6    NaN  857.92     NaN 1618.4    NaN  857.59     NaN    -0.7    NaN  861.86     NaN   -8.5    NaN  860.95     NaN 
737407.000000 1597.4 1641.7  832.35  807.35 1598.7 1643.7  831.76  806.47   -12.2   27.6  831.97  809.02  -20.6   20.4  831.33  807.93 
737408.000000 1651.4 1607.5  788.15  815.77 1653.1 1609.1  787.36  815.25    39.3   -2.0  789.28  815.21   30.9   -8.8  788.55  814.07 
737409.000000    NaN 1649.3     NaN  824.59    NaN 1650.2     NaN  824.20     NaN   39.8     NaN  824.14    NaN   31.4     NaN  823.77 
737410.000000 1591.6 1639.6  827.19  800.12 1594.5 1642.0  826.02  799.25   -16.8   30.7  826.45  799.44  -24.2   21.7  825.44  799.18 
737411.000000 1641.4 1614.3  811.64  828.49 1643.7 1616.3  810.66  827.66    32.0    5.0  811.34  827.95   24.8   -2.8  810.17  827.13 
737412.000000    NaN 1630.8     NaN  880.12    NaN 1633.7     NaN  878.86     NaN   15.8     NaN  882.11    NaN    7.4     NaN  881.54 
737413.000000    NaN 1641.1     NaN  875.01    NaN 1644.1     NaN  873.71     NaN   30.8     NaN  874.76    NaN   23.2     NaN  873.81 
737414.000000 1578.0    NaN  865.85     NaN 1579.0    NaN  865.57     NaN   -34.0    NaN  866.80     NaN  -41.5    NaN  865.66     NaN 
737415.000000    NaN 1635.3     NaN  797.36    NaN 1637.5     NaN  796.61     NaN   20.5     NaN  799.60    NaN   12.2     NaN  799.02 
737416.000000    NaN 1640.1     NaN  771.68    NaN 1641.8     NaN  771.14     NaN   27.9     NaN  772.68    NaN   19.9     NaN  771.88 
737419.000000 1627.8 1582.8  826.70  852.74 1630.6 1583.7  825.52  852.45    11.6  -27.8  829.51  853.00    3.8  -36.8  828.63  852.72 
737420.000000    NaN 1556.5     NaN  918.52    NaN 1558.3     NaN  917.81     NaN  -52.9     NaN  918.40    NaN  -61.5     NaN  917.85 
737422.000000    NaN 1589.3     NaN  946.46    NaN 1589.8     NaN  946.48     NaN  -26.0     NaN  948.96    NaN  -33.5     NaN  947.94 
737427.000000 1642.1 1629.2  813.94  816.90 1644.2 1630.5  813.13  816.42    33.0   13.8  813.57  819.74   26.3    5.1  812.26  819.34 
737431.000000 1608.6 1567.5  865.49  893.29 1613.0 1567.9  863.45  893.10    -3.8  -44.4  866.54  894.24  -11.2  -52.5  865.53  893.46 
737436.000000 1606.7    NaN  873.41     NaN 1610.2    NaN  871.97     NaN    -3.4    NaN  873.44     NaN  -11.1    NaN  872.73     NaN 
737440.000000    NaN 1614.0     NaN  848.57    NaN 1617.0     NaN  847.31     NaN  -10.0     NaN  855.60    NaN  -15.9     NaN  853.73 
737444.000000 1623.7 1629.5  818.80  809.99 1625.4 1631.6  818.23  809.01    11.9   21.5  819.66  809.02    5.1   14.4  818.45  807.66 
737450.000000 1607.3 1628.7  831.16  812.94 1609.6 1630.7  830.31  812.22    -3.6   17.7  831.56  813.74    0.2   18.9  830.02  813.44 
737452.000000 1607.5 1624.7  873.44  857.18 1610.6 1626.5  872.36  856.68    -7.4   15.3  876.22  856.79   -5.1   16.6  875.37  856.44 
737456.000000 1627.3 1566.5  837.24  883.97 1628.7 1566.9  836.79  883.74    18.1  -44.3  836.71  884.12   20.6  -42.2  835.67  883.33 
737458.000000 1615.5    NaN  932.25     NaN 1618.2    NaN  931.24     NaN    10.6    NaN  929.60     NaN   13.8    NaN  928.39     NaN 
737459.000000 1593.9    NaN  936.55     NaN 1596.6    NaN  935.65     NaN   -11.2    NaN  934.49     NaN   -9.0    NaN  933.67     NaN 
737460.000000 1612.8 1596.3  824.20  841.19 1614.4 1598.5  823.52  840.28     2.9  -16.8  824.13  842.63    5.1  -16.9  823.25  843.00 
737461.000000 1629.8    NaN  822.45     NaN 1632.1    NaN  821.47     NaN    17.4    NaN  823.76     NaN   18.1    NaN  823.51     NaN 
737462.000000 1603.7    NaN  837.52     NaN 1605.6    NaN  836.86     NaN    -5.5    NaN  837.04     NaN   -2.2    NaN  835.62     NaN 
737465.000000 1624.7    NaN  941.40     NaN 1626.1    NaN  940.85     NaN    11.1    NaN  943.36     NaN   12.9    NaN  942.57     NaN 
737466.000000 1569.1    NaN  947.75     NaN 1572.4    NaN  946.19     NaN   -38.9    NaN  946.46     NaN  -36.6    NaN  945.37     NaN 
737469.000000 1591.8 1613.0  876.59  855.49 1592.0 1614.6  876.70  854.85   -16.9   -2.7  875.81  858.50  -15.3   -0.9  875.27  857.81 
737476.000000 1621.0    NaN  970.12     NaN 1622.5    NaN  969.42     NaN    10.4    NaN  970.44     NaN   13.4    NaN  969.08     NaN 
737477.000000 1575.3    NaN  883.31     NaN 1575.8    NaN  883.32     NaN   -35.5    NaN  883.80     NaN  -33.8    NaN  883.14     NaN 
737478.000000    NaN 1598.0     NaN  851.44    NaN 1598.0     NaN  851.52     NaN  -12.5     NaN  851.71    NaN  -11.8     NaN  851.39 
737480.000000 1617.1    NaN  885.92     NaN 1618.3    NaN  885.60     NaN    10.0    NaN  884.30     NaN   10.7    NaN  884.28     NaN 
737481.000000 1627.2 1594.1  849.06  878.03 1629.1 1596.0  848.36  877.14    16.4  -15.8  849.53  877.98   16.9  -14.1  849.55  877.15 
737485.000000 1589.4 1610.9  846.52  838.85 1591.2 1612.6  845.83  838.15   -16.2   -0.3  843.86  839.46  -14.5    2.3  843.29  838.50 
737487.000000    NaN 1576.4     NaN  876.05    NaN 1576.0     NaN  876.35     NaN  -34.6     NaN  876.49    NaN  -34.2     NaN  876.43 
737488.000000 1600.9 1610.6  850.15  845.06 1603.5 1611.2  848.94  844.94    -9.5   -1.7  850.20  846.33   -6.8   -0.4  849.05  845.71 
737489.000000 1609.4    NaN  835.62     NaN 1611.9    NaN  834.70     NaN    -2.2    NaN  836.39     NaN   -0.7    NaN  835.93     NaN 
737491.000000 1573.1    NaN  953.82     NaN 1574.4    NaN  953.52     NaN   -36.6    NaN  953.40     NaN  -34.6    NaN  952.85     NaN 
737494.000000 1624.5 1609.8  839.26  855.21 1625.5 1610.3  839.08  854.95    14.6   -2.8  839.23  856.54   15.9   -2.0  838.84  856.21 
737495.000000 1623.9 1617.4  850.82  860.92 1626.3 1618.4  849.90  860.64    14.6    6.7  850.62  861.11   16.8    5.8  849.82  861.81 
737497.000000    NaN 1617.8     NaN  910.99    NaN 1619.9     NaN  910.05     NaN    8.2     NaN  910.82    NaN    8.6     NaN  910.73 
737499.000000    NaN 1607.2     NaN  934.84    NaN 1609.0     NaN  934.02     NaN   -8.1     NaN  937.92    NaN   -6.4     NaN  937.16 
737500.000000 1574.2 1617.0  954.81  933.85 1575.6 1617.7  954.37  933.52   -31.8   -2.1  952.60  938.58  -31.2   -1.4  952.62  938.40 
737503.000000 1608.4 1617.7  986.57  991.08 1612.2 1619.4  984.74  990.40    -1.0    4.5  986.53  992.97    0.1    4.4  985.94  993.06 
737533.000000    NaN 1604.0     NaN 1024.71    NaN 1605.7     NaN 1023.88     NaN   -6.9     NaN 1025.19    NaN   -5.3     NaN 1024.49 
737534.000000 1620.7 1608.0 1010.84 1026.09 1623.3 1609.1 1009.75 1025.41     8.9   -0.3 1011.99 1024.87   11.6    0.5 1010.91 1024.48 
737535.000000    NaN 1598.5     NaN 1016.33    NaN 1599.3     NaN 1015.63     NaN  -10.4     NaN 1015.65    NaN   -9.0     NaN 1014.98 
737536.000000    NaN 1585.4     NaN 1149.19    NaN 1586.6     NaN 1148.73     NaN  -27.7     NaN 1150.52    NaN  -25.8     NaN 1149.76 
737541.000000 1614.8    NaN 1169.61     NaN 1617.7    NaN 1168.26     NaN     6.6    NaN 1168.77     NaN    9.5    NaN 1167.26     NaN 
737542.000000    NaN 1623.5     NaN 1019.49    NaN 1625.2     NaN 1018.62     NaN    9.6     NaN 1021.64    NaN    9.7     NaN 1021.68 
737544.000000 1606.8    NaN 1003.68     NaN 1608.7    NaN 1002.74     NaN    -3.5    NaN 1003.81     NaN   -2.1    NaN 1003.24     NaN 
737545.000000    NaN 1628.3     NaN 1024.95    NaN 1630.2     NaN 1024.31     NaN   13.2     NaN 1027.82    NaN   14.8     NaN 1027.07 
737546.000000 1612.9 1610.6 1055.64 1096.09 1614.6 1614.0 1054.69 1094.58     4.0    2.3 1054.95 1095.36    6.2    3.8 1053.88 1094.70 
737547.000000 1604.7    NaN 1081.50     NaN 1607.2    NaN 1080.34     NaN    -0.2    NaN 1078.83     NaN    3.8    NaN 1076.99     NaN 
737548.000000    NaN 1611.1     NaN 1112.71    NaN 1612.0     NaN 1112.44     NaN    1.0     NaN 1112.54    NaN    1.4     NaN 1112.44 
737549.000000    NaN 1578.6     NaN 1064.67    NaN 1580.1     NaN 1063.86     NaN  -34.0     NaN 1065.76    NaN  -33.0     NaN 1065.43 
737550.000000 1609.2 1587.1 1028.59 1066.59 1610.6 1589.8 1027.90 1065.39     1.7  -21.8 1027.24 1066.16    1.9  -19.9 1027.21 1065.35 
737551.000000    NaN 1597.4     NaN 1063.72    NaN 1599.3     NaN 1062.83     NaN   -9.3     NaN 1061.98    NaN   -7.9     NaN 1061.34 
737552.000000 1627.2    NaN 1054.24     NaN 1629.6    NaN 1053.28     NaN    15.1    NaN 1055.57     NaN   16.9    NaN 1054.80     NaN 
737553.000000 1590.9 1612.1 1071.21 1056.58 1592.0 1614.6 1070.73 1055.55   -20.9   -1.4 1072.37 1058.71  -18.3    1.1 1071.29 1057.68 
737554.000000 1605.9 1618.5 1016.12 1021.54 1607.1 1619.3 1015.61 1021.40    -4.1    6.8 1016.09 1022.40   -1.6    7.3 1015.02 1022.57 
737555.000000 1616.7 1612.3 1018.73 1038.48 1617.3 1613.6 1018.32 1037.87     3.5   -0.1 1020.54 1039.56    5.0    1.4 1019.64 1038.88 
737558.000000 1591.7 1583.3 1014.09 1012.57 1592.9 1584.3 1013.70 1012.26   -16.4  -24.6 1012.99 1011.36  -14.2  -23.9 1011.99 1011.17 
737559.000000    NaN 1581.3     NaN 1064.47    NaN 1582.5     NaN 1063.61     NaN  -25.4     NaN 1062.47    NaN  -24.4     NaN 1061.80 
737560.000000 1583.2    NaN 1067.15     NaN 1583.8    NaN 1067.15     NaN   -22.7    NaN 1064.80     NaN  -19.6    NaN 1063.64     NaN 
737562.000000 1590.7 1585.9 1112.77 1117.51 1592.8 1587.8 1111.84 1116.67   -16.7  -19.6 1111.37 1114.02  -16.2  -15.0 1111.12 1112.08 
737564.000000 1589.0 1622.8 1017.28 1006.19 1592.5 1625.1 1015.46 1005.25   -21.3    6.7 1017.48 1009.37  -18.0    8.2 1015.76 1009.01 
737565.000000 1613.4 1620.2  992.10  995.37 1614.9 1621.7  991.78  994.71     3.0   12.4  992.50  994.25    4.7   15.0  991.84  993.10 
737567.000000 1615.0    NaN 1084.85     NaN 1617.3    NaN 1083.94     NaN     0.9    NaN 1087.07     NaN    3.3    NaN 1086.03     NaN 
737568.000000 1602.6 1603.3 1068.24 1078.06 1604.8 1604.8 1067.14 1077.37    -5.5   -4.7 1067.40 1077.01   -2.9   -4.1 1066.27 1076.70 
737569.000000 1580.3    NaN 1099.36     NaN 1582.1    NaN 1098.50     NaN   -23.7    NaN 1096.34     NaN  -22.1    NaN 1095.53     NaN 
737570.000000 1595.5 1611.4 1080.06 1065.00 1598.1 1611.6 1078.85 1065.01   -12.6    2.1 1079.08 1064.48   -9.2    3.9 1077.46 1063.75 
737571.000000    NaN 1614.2     NaN 1031.28    NaN 1616.4     NaN 1030.38     NaN    6.1     NaN 1030.05    NaN    8.1     NaN 1029.26 
737573.000000 1586.0    NaN 1101.26     NaN 1588.5    NaN 1100.08     NaN   -23.0    NaN 1100.62     NaN  -19.9    NaN 1099.34     NaN 
737574.000000 1619.5 1611.6 1038.04 1067.43 1621.6 1612.4 1037.25 1066.97     7.9   -0.7 1038.82 1068.49   10.2    0.0 1037.70 1068.22 
737575.000000    NaN 1609.2     NaN 1066.71    NaN 1611.9     NaN 1065.33     NaN    1.5     NaN 1065.62    NaN    4.2     NaN 1064.48 
737576.000000    NaN 1619.4     NaN 1086.81    NaN 1620.7     NaN 1086.27     NaN    8.1     NaN 1087.75    NaN    9.1     NaN 1087.33 
737577.000000    NaN 1621.9     NaN 1100.49    NaN 1622.5     NaN 1100.43     NaN   10.2     NaN 1101.52    NaN    9.8     NaN 1101.62 
737582.000000    NaN 1611.3     NaN 1051.44    NaN 1612.8     NaN 1050.79     NaN    6.4     NaN 1048.68    NaN    7.0     NaN 1048.24 
