%Year,Diaj,O3,O3_std,N,AOD,AOD_std,Cld,O3,O3_std,N,AOD,AOD_std,Cld,

2016 001 277.2 2.00 215 0.0159 0.00075 1 277.0 2.56 232 0.0194 0.00254 1
2016 002 270.7 1.70 215 0.0185 0.00114 0 269.8 2.00 223 0.0205 0.00285 0
2016 003 271.8 1.52 230 0.0261 0.00696 1 270.0 1.94 234 0.0196 0.00153 1
2016 004 260.1 1.52 155 0.0244 0.00139 1 262.3 1.72 205 0.0239 0.00140 1
2016 005 267.1 2.06 160 0.0117 0.00112 0 NaN NaN NaN NaN NaN 0
2016 006 272.4 2.92 230 0.0091 0.00141 1 271.5 3.87 235 0.0104 0.00268 1
2016 007 260.8 1.32 170 0.0090 0.00104 1 258.6 2.43 205 0.0120 0.00248 1
2016 008 248.2 1.34 137 0.0169 0.00151 1 NaN NaN NaN 0.0284 0.00636 1
2016 009 262.0 1.92 106 0.0170 0.00665 0 265.1 1.35 234 0.0143 0.00769 0
2016 010 256.4 1.48 183 0.0102 0.00066 1 256.8 1.21 234 0.0127 0.00299 1
2016 011 252.7 1.22 234 0.0102 0.00147 1 252.0 2.18 233 0.0109 0.00234 1
2016 012 257.2 2.57 234 0.0157 0.00099 0 260.5 1.68 229 0.0208 0.01414 1
2016 013 261.8 0.85  42 0.0569 0.02507 0 NaN NaN NaN 0.0994 0.04205 0
2016 032  NaN NaN NaN NaN NaN 0 117.3 2.67  31 0.0674 0.05605 0
2016 034 265.8 6.39 273 0.0357 0.00806 0 272.2 1.45 290 0.0504 0.00378 0
2016 035 282.2 2.31 238 1.5309 0.00000 0 287.3 1.83  80 NaN NaN 0
2016 036 301.1 2.85 239 0.0529 0.00461 1 302.3 2.68 120 0.0733 0.00713 0
2016 038 278.0 1.81 277 0.0527 0.00240 0 280.0 1.79 257 0.0611 0.00000 0
2016 039 280.3 1.88  89 0.0886 0.00000 0 286.1 2.30 110 0.1336 0.00000 0
2016 040 290.4 2.88 171 0.1330 0.00269 0 283.8 4.05 240 0.1110 0.00742 1
2016 041 284.6 2.63 254 0.6752 0.06172 0 291.6 1.63 226 0.1123 0.02045 0
2016 042 284.6 2.18 250 0.0578 0.00373 1 291.3 3.13 228 0.0492 0.00343 1
2016 043 284.7 1.45 251 0.0208 0.00119 1 281.6 2.81 239 0.0219 0.00157 1
2016 044 285.3 3.00 251 0.0216 0.00872 0 283.2 3.33 250 0.0957 0.04750 0
2016 045 274.5 2.08 246 0.0203 0.01425 0 276.0 2.04 244 0.0195 0.01533 0
2016 046 275.9 1.49 246 0.0070 0.00159 1 277.1 2.09 253 0.0117 0.00376 1
2016 047 282.9 2.80 121 0.0084 0.00158 0 282.4 2.68 244 0.0123 0.00425 1
2016 048 271.3 1.25 242 0.0192 0.00261 1 NaN NaN NaN 0.0207 0.00068 1
2016 055 276.9 1.50  25 0.0120 0.00101 1 276.7 1.64 255 0.0140 0.00190 1
2016 056 275.1 3.99 249 0.0156 0.00311 0 281.3 1.93 259 0.0235 0.01260 0
2016 057 299.1 3.41 244 0.0257 0.00326 0 301.9 1.76 261 0.0209 0.00256 1
2016 058 303.7 2.37 215 0.0134 0.00356 0 300.6 1.82 247 0.0128 0.00484 1
2016 059 317.7 2.11  35 NaN NaN 0 320.9 1.88  25 0.0099 0.00000 0
2016 060 327.6 2.51 251 0.0378 0.00278 1 328.6 2.33 259 0.0370 0.00117 1
2016 061 317.1 1.47 254 0.0204 0.00115 1 315.2 2.10 204 0.0197 0.00241 0
2016 062 305.8 1.64   6 NaN NaN 0 305.8 2.70 199 0.1406 0.01201 0
2016 063 290.5 1.88 251 0.0777 0.01529 0 293.9 1.51 246 0.1170 0.01652 0
2016 064 292.0 1.57 167 0.0444 0.00288 1 291.6 2.25 235 0.0436 0.02133 0
2016 065 298.8 2.52 252 0.0697 0.00453 0 302.5 2.40 230 0.0547 0.00377 0
2016 066 313.4 4.17 250 0.0245 0.00239 0 331.0 6.26 242 0.0268 0.00397 0
2016 067 315.6 1.69 261 0.0217 0.00272 1 312.6 2.43 232 0.0236 0.00520 1
2016 068 327.5 4.50 100 0.0161 0.00095 1 342.8 2.69 100 0.0344 0.01404 0
2016 069 342.2 3.64 265 0.0174 0.00232 1 330.2 4.37 214 0.0158 0.00262 1
2016 071 290.9 1.58 185 0.0133 0.00053 1 290.1 2.76 240 0.0160 0.00234 1
2016 072 286.4 3.75 269 NaN NaN 0 301.1 6.77 172 0.0463 0.00000 0
2016 073 311.2 5.02 271 0.0254 0.00153 1 294.8 6.93 243 0.0272 0.00206 1
2016 074 286.1 5.75 240 0.0257 0.00647 1 300.8 3.03 264 0.0339 0.00293 1
2016 075 300.8 2.61 239 0.0258 0.00460 1 298.8 2.96 266 0.0380 0.00387 1
2016 076 287.0 2.05 229 0.0517 0.03802 0 287.4 2.30 262 0.1065 0.01012 0
2016 077 289.0 2.17 239 0.0390 0.02183 0 291.0 1.76 190 0.0521 0.01583 0
2016 078 290.9 0.94  50 0.0274 0.00516 0 NaN NaN NaN 0.0286 0.00299 1
2016 079  NaN NaN NaN 0.0220 0.00195 1 290.8 1.38 206 0.0214 0.00260 1
2016 080 287.9 4.11 205 0.0208 0.00119 0 NaN NaN NaN NaN NaN 0
2016 082 331.0 2.18 125 0.0185 0.00121 1 326.8 2.21 125 0.0212 0.00692 0
2016 084  NaN NaN NaN NaN NaN 0 320.2 1.56  69 0.0218 0.00358 0
2016 085 312.3 1.78 120 0.0301 0.01902 0 303.9 3.47 115 0.1032 0.04772 0
2016 086 305.5 3.74 115 0.0353 0.01657 0 303.9 2.09 111 0.0243 0.00125 1
2016 087 318.8 2.67 115 0.0234 0.00294 1 318.9 3.43 110 0.0427 0.00675 1
2016 088 296.6 1.67 115 0.0299 0.00441 1 296.6 1.73 103 0.0355 0.00203 1
2016 089 295.2 0.77  26 0.0284 0.00605 1 NaN NaN NaN 0.0507 0.00846 1
2016 092  NaN NaN NaN 0.0323 0.00111 1 297.9 1.51 206 0.0362 0.00185 1
2016 093 327.1 10.57 135 0.0476 0.01335 0 331.1 1.71 200 0.0342 0.00209 1
2016 094 340.0 3.22 130 0.0391 0.00131 0 339.4 1.45 205 0.0433 0.00448 0
2016 095 337.5 1.61 206 0.0283 0.00378 1 333.6 2.80 205 0.0257 0.00131 1
2016 096 317.6 2.03 105 0.0400 0.00186 0 309.8 2.34 190 0.0474 0.00415 0
2016 097 318.2 3.32 222 0.0331 0.00207 1 327.5 1.51 124 0.0391 0.00371 1
2016 098 312.0 2.61  62 0.0311 0.00088 0 312.1 1.86 112 0.0340 0.00462 0
2016 099 323.4 3.13 113 0.0324 0.00244 1 314.6 2.29 114 0.0298 0.00117 1
2016 100 300.4 1.70 113 0.0244 0.00192 1 302.1 1.53 119 0.0306 0.00314 1
2016 101 301.6 2.22 114 0.0489 0.00852 1 305.0 1.43 113 0.0410 0.00292 1
2016 102 313.6 3.13 118 0.0393 0.00081 1 321.5 1.44 118 0.0424 0.00113 1
2016 103 327.8 3.57 112 0.0342 0.00135 1 319.9 2.45 117 0.0366 0.00121 1
2016 104 311.3 2.55  92 0.0350 0.00494 1 313.2 1.97 109 0.0336 0.00239 0
2016 105 306.0 1.67  60 0.0335 0.00462 1 317.8 2.51 100 0.0743 0.02966 0
2016 106 307.9 3.34 103 0.0354 0.01092 0 312.6 2.86  95 0.0376 0.00333 0
2016 107 303.7 2.21  90 0.0333 0.00599 0 301.6 2.02  65 0.0464 0.01188 0
2016 108 295.8 2.43  74 0.0369 0.00205 0 301.1 1.63  25 0.0451 0.00956 0
2016 109 301.9 2.93  54 0.0406 0.00224 0 306.7 1.37  97 0.0360 0.00422 0
2016 110 308.4 1.58  43 0.0304 0.00133 0 305.6 1.56  30 0.0293 0.00094 0
2016 111 298.4 1.85  97 0.0222 0.00323 1 287.7 2.49  85 0.0264 0.00523 0
2016 112 285.4 2.82  89 0.0395 0.01136 0 NaN NaN NaN NaN NaN 0
2016 113 306.5 1.63 100 0.0379 0.00687 0 304.6 1.77  50 0.0464 0.00528 0
2016 114 295.2 2.08 105 0.0358 0.00667 1 291.0 1.98 105 0.0610 0.01418 0
2016 115 281.4 2.30  95 0.0495 0.01560 0 285.7 2.27 100 0.0504 0.00281 0
2016 116 288.8 2.28  98 0.0478 0.00521 1 294.9 2.68  95 0.0522 0.00422 0
2016 117 298.0 2.11 100 0.0633 0.00482 0 302.1 1.35  85 0.0642 0.00591 0
2016 118 300.4 2.03  90 0.0504 0.01732 0 299.7 2.87 100 0.0596 0.01537 0
2016 119 304.0 2.68  55 NaN NaN 0 314.1 1.57 100 0.0522 0.00254 0
2016 120 310.4 1.50 100 0.0518 0.00956 0 308.2 1.74  95 0.0607 0.00881 0
2016 121 305.7 2.77  95 0.0476 0.00316 0 309.6 1.67  90 0.0511 0.00256 0
2016 122 315.8 1.22  25 0.0470 0.00848 0 322.2 2.02  45 0.0363 0.00242 0
2016 123 311.3 1.40  95 0.0375 0.01237 0 318.3 1.61  66 0.0488 0.01211 0
2016 124 317.4 1.53  70 0.0361 0.00391 0 325.7 0.98   6 NaN NaN 0
2016 125 335.9 1.52  65 0.0423 0.00285 0 335.7 2.95  80 0.0352 0.00432 0
2016 132 313.3 2.33  65 0.0227 0.00203 0 324.9 2.67  35 0.0491 0.00243 0
2016 133 318.5 6.17  25 0.0345 0.00470 0 NaN NaN NaN 0.0437 0.00000 0
2016 134 299.5 2.28 179 0.0575 0.00459 1 299.5 2.10 192 0.0586 0.00430 1
2016 135 301.6 2.31 188 0.0440 0.00745 1 302.0 1.43 193 0.0402 0.00369 1
2016 136 301.1 2.07 189 0.0472 0.00284 1 303.2 2.86 173 0.0508 0.00233 0
2016 137 303.9 2.83 148 0.0401 0.00095 0 314.5 1.49 194 0.0452 0.00268 1
2016 138 312.5 2.40 179 0.0421 0.00465 1 315.0 1.40 195 0.0381 0.00572 1
2016 139 313.7 1.91 183 0.0629 0.00471 1 316.0 1.79 195 0.0738 0.00373 1
2016 140 311.8 2.37 193 0.0530 0.00222 1 319.3 1.38 181 0.0543 0.00227 1
2016 141 319.3 1.54 187 0.0464 0.00386 1 327.8 2.08 181 0.0614 0.00248 1
2016 142 330.7 2.15 188 0.0625 0.00697 1 326.2 2.96 182 0.0503 0.01098 1
2016 143 313.4 1.55 182 0.1141 0.03830 0 314.4 1.59 183 0.1301 0.01834 0
2016 144 313.7 2.25 191 0.0372 0.00102 1 309.4 2.44 178 0.0362 0.00340 1
2016 145 306.7 2.56 191 0.0248 0.00264 1 311.4 1.48 184 0.0402 0.01081 1
2016 146 311.0 2.24  70 0.0785 0.02160 1 309.3 2.21 181 0.0578 0.00772 1
2016 147 293.8 1.31 102 0.0200 0.00154 0 298.8 1.57 125 0.0229 0.00167 0
2016 148 294.7 1.64  40 0.0347 0.00363 0 294.4 1.54 175 NaN NaN 0
2016 150 280.9 1.86 187 0.0216 0.00315 1 281.3 1.48 182 0.0340 0.01918 0
2016 151 284.1 2.02 191 0.0176 0.00093 1 285.7 1.76 182 0.0206 0.00144 1
2016 152 282.8 1.95 178 0.0192 0.00118 1 285.2 2.00 185 0.0215 0.00126 1
2016 153 275.6 1.65 155 0.0213 0.00686 0 287.0 1.51 184 0.0268 0.00480 0
2016 154 286.3 1.52 195 0.0192 0.00041 1 287.1 2.46 184 0.0192 0.00158 1
2016 155 283.4 4.34 195 0.0126 0.00116 1 292.0 2.16 190 0.0169 0.00291 1
2016 156 290.5 1.97 189 0.0166 0.00163 1 291.5 2.25 185 0.0198 0.00313 1
2016 157 288.6 2.63 189 0.0158 0.00435 0 292.5 1.57 181 0.0221 0.01566 0
2016 158 293.3 1.84 194 0.0209 0.00532 1 297.4 1.58 191 0.0339 0.00786 0
2016 159 291.7 1.52 194 0.0198 0.00327 1 296.9 1.32 117 0.0297 0.00503 0
2016 160 293.3 1.97 190 0.0201 0.00424 1 293.9 1.52 192 0.0295 0.00500 1
2016 161 295.3 2.75 195 0.0176 0.00055 1 299.5 1.91 193 0.0177 0.00151 1
2016 162 297.6 2.01 195 0.0216 0.00147 1 293.1 1.61 183 0.0202 0.00159 1
2016 163 302.3 2.18 190 0.0244 0.00814 0 300.9 2.79 189 0.0230 0.00223 1
2016 164 306.5 2.76 195 0.0256 0.00193 1 308.4 1.75 194 0.0290 0.00314 1
2016 165 313.4 1.99 177 0.0289 0.00133 1 310.5 1.79 190 0.0323 0.00265 1
2016 166 305.6 2.45 180 0.0266 0.00367 1 308.2 3.41 189 0.0308 0.00236 1
2016 167 289.9 2.51 189 0.0174 0.00066 1 288.5 1.63  64 0.0199 0.00321 1
2016 168 287.6 2.37 185 0.0139 0.00131 1 291.3 2.04 123 0.0148 0.00220 0
2016 169 296.5 1.61  95 0.0117 0.00104 0 289.5 2.98  66 NaN NaN 0
2016 170 280.7 2.42 190 0.0110 0.00080 1 282.2 2.10 195 0.0138 0.00306 1
2016 171 281.8 2.21 190 0.0269 0.00401 1 283.4 1.97 194 0.0231 0.00322 1
2016 172 283.4 1.80 124 0.0167 0.00155 1 NaN NaN NaN 0.0193 0.00239 1
2016 174  NaN NaN NaN 0.1180 0.01162 0 301.9 1.93  45 0.2647 0.11040 0
2016 175 286.3 2.32 269 0.5044 0.09579 0 289.7 1.75 254 0.3865 0.02868 0
2016 176 280.3 2.38 250 0.2901 0.01099 0 NaN NaN NaN 0.2980 0.02247 0
2016 177 297.3 3.11 150 0.3961 0.01894 0 297.3 3.63 120 0.4194 0.06010 0
2016 178  NaN NaN NaN 0.2990 0.03626 0 317.3 1.55   5 0.2266 0.02022 0
2016 179 324.6 1.42  25 0.0128 0.00093 1 334.5 2.50  97 0.0161 0.00221 1
2016 180 310.3 1.61 280 0.0136 0.00349 1 306.5 1.81 202 0.0234 0.00131 1
2016 181 313.7 2.37 263 0.0273 0.00890 1 323.4 1.78  80 0.0344 0.01000 1
2016 182 335.4 2.07 155 0.0289 0.00651 1 NaN NaN NaN 0.0529 0.01400 1
2016 183  NaN NaN NaN 0.0156 0.00070 1 315.5 1.94  60 0.0182 0.00221 1
2016 184 316.8 4.97 145 0.0176 0.00048 1 329.3 2.49  15 0.0214 0.00210 1
2016 185 310.6 1.53  20 0.0169 0.00162 1 315.2 2.33 245 0.0189 0.00116 1
2016 186 319.3 2.35 245 0.0170 0.00361 1 317.1 3.20 130 0.0214 0.00252 1
2016 187 306.8 2.16 248 0.0179 0.00424 1 311.6 2.44  90 0.0274 0.00221 1
2016 188 320.5 4.95 206 0.0149 0.00105 1 321.9 5.08 165 0.0160 0.00233 1
2016 189 315.6 6.16 311 0.0155 0.00127 1 321.3 1.79 246 0.0202 0.00140 1
2016 190 326.1 4.07 165 0.0139 0.00067 1 314.0 3.12 105 0.0149 0.00143 1
2016 191 316.4 1.41   5 0.0132 0.00093 1 312.1 3.01  45 0.0191 0.00405 1
2016 192 308.5 2.11 276 0.0205 0.00894 1 310.0 2.37 165 0.0289 0.00913 1
2016 193 312.5 2.43 276 0.0113 0.00044 1 309.0 3.09 105 0.0183 0.00334 1
2016 194 305.2 2.22  76 0.0656 0.03575 1 NaN NaN NaN 0.1423 0.02135 0
2016 196  NaN NaN NaN 0.1645 0.04635 0 208.0 30.14 227 0.1026 0.01925 1
2016 197 292.3 1.96 211 0.1436 0.00596 0 291.3 2.06 190 0.1780 0.01287 0
2016 198 288.5 2.33 206 0.1342 0.00678 0 289.9 2.53 185 0.1422 0.01435 0
2016 199 292.5 2.10 217 0.0209 0.00279 1 296.6 2.14 191 0.0212 0.00442 1
2016 200 292.6 2.28 202 0.0555 0.01547 1 294.9 2.41 190 0.0641 0.00478 1
2016 201 280.4 0.80  22 0.3074 0.07265 0 NaN NaN NaN 0.6440 0.09317 0
2016 202 287.2 2.34 192 0.4187 0.02551 0 289.7 3.02 175 0.4501 0.07278 0
2016 203 286.5 2.41 202 0.3896 0.04057 0 287.2 2.26 161 0.3497 0.03016 0
2016 204 286.2 1.94 203 0.3726 0.01524 0 289.6 2.56 191 0.3086 0.02160 0
2016 205 285.8 1.59 212 0.1649 0.02150 0 290.7 2.53 191 0.1127 0.01981 1
2016 206 283.2 2.26 209 0.1309 0.02640 0 287.2 2.61 186 0.2099 0.01201 0
2016 207 293.0 2.65 203 0.3747 0.04804 0 295.5 3.28 187 0.5199 0.07583 0
2016 208 291.4 2.10 203 0.5365 0.02711 0 293.7 3.02 172 0.3829 0.03297 0
2016 209 291.0 2.47 203 0.2114 0.00488 0 293.7 2.00 191 0.1655 0.04089 0
2016 210 296.4 2.28 199 0.0916 0.02077 1 297.9 2.32 186 0.1475 0.01365 0
2016 211 293.6 1.80 199 0.0739 0.01856 1 293.2 2.18 190 0.1170 0.00867 1
2016 212 285.2 1.70 191 0.2680 0.00903 0 284.4 2.49  89 0.3247 0.02756 0
2016 213 279.7 2.33  70 0.3237 0.02910 0 282.5 2.46 184 0.2198 0.02302 0
2016 214 280.4 2.52 200 0.1637 0.02826 0 286.7 2.30 110 0.0648 0.00957 0
2016 215 287.8 1.69 194 0.0239 0.00180 1 290.0 1.81 187 0.0347 0.00387 1
2016 216 285.6 2.38 199 0.0607 0.01389 1 289.7 2.54 191 0.1456 0.02848 0
2016 217 287.6 2.56 195 0.2064 0.01892 0 288.7 2.59 185 0.2397 0.02793 0
2016 218 286.0 2.22 191 0.2208 0.01405 0 288.5 2.44 189 0.2708 0.01821 0
2016 219 287.1 2.05 199 0.2435 0.01114 0 287.2 3.26 155 0.2524 0.00944 0
2016 220 293.0 2.50 200 0.0255 0.00695 1 294.1 2.52 187 0.0189 0.00125 1
2016 221 301.9 2.05 185 0.0205 0.00168 1 303.7 2.60 181 0.0211 0.00096 1
2016 222 293.6 3.08  70 0.2012 0.00309 0 300.1 1.95 160 0.2154 0.01740 0
2016 223 291.6 2.14 206 0.2043 0.01730 0 289.4 2.70 175 0.1948 0.00558 0
2016 224 285.3 2.55 190 0.2111 0.01296 0 285.9 1.71  95 0.2792 0.00723 0
2016 225 284.4 1.89 196 0.0997 0.00354 1 287.3 1.53 177 0.0616 0.01439 1
2016 226 285.4 1.81 196 0.0505 0.01904 1 289.4 1.73 181 0.0268 0.00378 1
2016 227 288.7 2.35 187 NaN NaN 1 291.2 1.61 180 0.0223 0.00088 1
2016 228 292.2 2.47 202 0.0904 0.03116 0 293.1 2.10 174 0.0535 0.00702 1
2016 229 289.8 1.83 182 0.0405 0.00919 1 290.6 2.24 178 0.0590 0.00490 1
2016 230 285.6 2.18 187 0.1278 0.01374 0 286.5 2.11 172 0.1596 0.00988 0
2016 231 290.9 1.30 198 0.2299 0.01635 0 290.9 1.74 165 0.1165 0.04831 0
2016 232 292.7 2.11 200 0.0260 0.00566 1 296.5 1.97 175 0.0316 0.00673 1
2016 233 290.2 2.97 200 0.0179 0.00158 1 297.3 2.01 175 0.0272 0.00690 1
2016 234 284.1 1.53 123 0.1793 0.00223 0 NaN NaN NaN NaN NaN 0
2016 235 286.5 2.07 139 0.0937 0.03112 0 288.1 2.19 173 0.1198 0.01601 0
2016 236 284.5 2.13 199 0.0553 0.00400 1 287.8 2.55  58 0.0748 0.00470 1
2016 237 282.7 1.77 203 0.0536 0.01856 1 286.2 1.40 165 0.0771 0.01680 1
2016 238 294.0 2.91 207 0.0193 0.00645 1 293.0 2.34 184 0.0352 0.00643 1
2016 239 289.7 2.57 207 0.0162 0.00148 1 290.5 2.27 149 0.0394 0.03142 1
2016 240 284.5 1.82 198 0.2887 0.02663 0 282.3 2.70  90 0.2579 0.01056 0
2016 241 279.1 1.38 185 0.1432 0.01532 0 276.5 2.50 151 0.0955 0.00499 0
2016 242 275.9 2.28 198 0.3598 0.01869 0 275.9 2.16 141 0.2252 0.03837 0
2016 243 277.8 2.75 199 0.2519 0.01649 0 280.4 2.35 188 0.2567 0.01085 0
2016 244 283.7 3.43 204 0.0362 0.00613 1 290.6 1.66 177 0.0436 0.00830 1
2016 245 296.7 2.28 189 0.0237 0.00117 1 299.2 1.85 190 0.0256 0.00376 1
2016 246 303.0 1.83 192 0.0282 0.00448 1 303.0 3.28 191 0.0395 0.00231 1
2016 247 291.9 1.55 203 0.0878 0.00000 0 290.6 1.52 192 NaN NaN 1
2016 249 285.6 0.67  20 NaN NaN 1 286.3 1.97 129 0.0415 0.00000 1
2016 250 284.0 1.63 214 0.0448 0.00661 1 286.6 1.43 188 0.0453 0.02286 1
2016 251 291.2 2.76 211 0.0129 0.00187 1 290.7 2.65 200 0.0229 0.00622 1
2016 252 286.0 1.54 218 0.0325 0.00783 1 279.1 2.55 211 0.0418 0.00556 1
2016 253 275.8 1.93 209 0.0264 0.01229 1 276.1 2.03 209 0.0409 0.00259 1
2016 254 277.4 2.43 224 0.0214 0.00250 1 279.8 1.74 214 0.0254 0.00189 1
2016 255 281.2 2.38 215 0.0175 0.00342 1 287.0 1.31 213 0.0273 0.00885 1
2016 256 291.1 2.80 199 0.0864 0.01509 0 293.5 2.84 128 0.1213 0.00653 0
2016 257 287.6 1.83 228 0.0876 0.01467 1 289.3 2.28 198 0.1136 0.01340 0
2016 258 288.1 1.75 129 0.0131 0.00249 1 289.4 1.81 183 0.0137 0.00461 1
2016 259 286.9 1.92 229 0.0129 0.00096 1 285.1 1.95 206 0.0137 0.00301 1
2016 260 286.6 3.28 225 0.0128 0.00181 1 286.3 2.28 210 0.0136 0.00350 1
2016 261 285.3 2.26 214 0.0209 0.00273 1 283.2 2.07 208 0.0328 0.01094 0
2016 262 282.1 1.96 175 0.0372 0.02440 0 279.6 2.83  97 0.0899 0.01072 0
2016 263 276.3 2.30 145 0.0408 0.00592 0 276.1 1.73 236 0.0407 0.01083 1
2016 264 273.1 2.10 233 0.0221 0.00569 1 276.7 2.01 228 0.0225 0.00153 1
2016 265 281.2 1.50 254 0.0226 0.00701 1 280.7 2.05 231 0.0212 0.00274 1
2016 266 280.5 1.94 250 0.0198 0.00150 1 283.4 1.55 238 0.0190 0.00107 1
2016 267 282.6 2.23 252 0.0129 0.00073 1 286.4 2.21 185 0.0168 0.00177 1
2016 268 282.5 2.51 125 0.0123 0.00062 1 281.6 2.03 190 0.0138 0.00250 1
2016 269 280.1 2.44 278 0.0114 0.00095 1 283.8 1.49  95 0.0142 0.00157 1
2016 270 277.4 1.36  40 0.0102 0.00248 0 274.0 2.49 135 0.0116 0.00299 1
2016 271 268.6 2.35 125 0.0148 0.00319 1 271.0 1.70 140 0.0175 0.00125 1
2016 272 285.9 5.13 140 0.0178 0.00199 1 290.6 1.82  90 0.0209 0.00156 1
2016 273 291.9 2.78 277 0.0298 0.02235 0 291.3 2.68 241 0.0742 0.02742 1
2016 275 284.1 2.93 283 0.0117 0.00371 1 284.1 2.22 255 0.0196 0.00219 1
2016 276 281.4 2.45 264 0.0142 0.00652 0 280.9 2.42 233 0.0156 0.00394 0
2016 277 281.5 3.63 235 0.0181 0.00807 0 283.7 2.03 131 0.0190 0.00742 0
2016 278 283.7 1.48  65 0.0146 0.00526 0 276.9 2.25  55 0.0273 0.00569 0
2016 279 274.3 1.80 162 0.0103 0.00177 1 275.7 1.59 150 0.0131 0.00277 0
2016 280 279.4 1.41 151 0.0134 0.00297 1 273.6 3.56 141 0.0108 0.00170 1
2016 281 274.2 1.83 152 0.0093 0.00257 1 271.6 2.41 145 0.0207 0.00273 1
2016 282 275.7 3.01 157 0.0148 0.00543 1 NaN NaN NaN 0.0275 0.00349 0
2016 283 281.9 2.08 160 0.0181 0.00345 1 277.7 2.43 146 0.0202 0.00189 1
2016 284 272.5 1.47 163 0.0141 0.00230 1 269.0 2.76 141 0.0170 0.00198 1
2016 285 265.0 2.64 200 0.0105 0.00079 1 265.5 1.97 231 0.0124 0.00134 1
2016 286 275.6 2.07 254 0.0086 0.00165 1 274.6 2.38 230 0.0092 0.00306 1
2016 287 277.0 3.77 246 0.0068 0.00141 1 276.3 3.56 206 0.0094 0.00285 1
2016 288 281.3 2.95 237 0.0183 0.00816 0 285.6 1.61 214 0.0309 0.00470 0
2016 289 280.6 2.19 233 0.0177 0.00563 0 278.1 2.84 201 0.0369 0.00425 0
2016 291 282.7 1.80 173 0.1060 0.01548 0 277.9 2.76 214 0.0855 0.01946 0
2016 292 276.9 2.16 225 0.0707 0.00900 0 NaN NaN NaN NaN NaN 0
2016 293 264.8 1.48 247 0.0297 0.00274 0 262.5 1.89 114 0.0560 0.01470 0
2016 294 259.0 1.27  96 0.0322 0.00608 0 261.2 1.68  60 0.0692 0.00374 0
2016 295 264.2 1.97 155 0.0164 0.00449 0 271.6 1.16   5 NaN NaN 0
2016 296 275.0 2.72 205 0.1224 0.00338 0 273.5 2.33   5 NaN NaN 0
2016 297 275.0 1.97 115 0.0556 0.01398 0 279.3 2.87  80 NaN NaN 0
2016 299 309.9 1.17 135 0.0233 0.00287 0 304.5 4.68  40 NaN NaN 0
2016 300 299.0 1.08  45 0.0167 0.00386 0 NaN NaN NaN NaN NaN 0
2016 301 278.4 1.77  60 0.0067 0.00153 0 270.0 2.49 110 0.0095 0.00165 0
2016 302 258.4 1.34 220 0.0078 0.00110 0 256.8 2.11 233 0.0103 0.00249 0
2016 303  NaN NaN NaN NaN NaN 0 249.2 1.59  90 0.0230 0.00382 0
2016 304 248.9 1.97 160 0.0154 0.00474 0 251.6 2.04 110 0.0220 0.00093 0
2016 305 259.2 2.39 188 0.0136 0.00412 0 264.6 1.92 115 NaN NaN 0
2016 306 279.6 1.98 243 0.0163 0.00267 0 282.1 1.43 170 NaN NaN 0
2016 307 290.4 2.77 254 0.0195 0.00294 0 292.9 2.08 222 0.0346 0.01611 0
2016 308 289.3 2.36  89 0.0342 0.00000 0 290.4 2.53  10 NaN NaN 0
2016 309 302.2 1.55  68 0.0129 0.00112 0 NaN NaN NaN NaN NaN 0
2016 310 312.8 1.99 105 0.0304 0.00658 0 NaN NaN NaN NaN NaN 0
2016 311 293.1 1.88 141 0.0112 0.00046 0 288.4 2.00  10 NaN NaN 0
2016 312 282.4 2.13 209 0.0141 0.00648 0 283.7 2.21  42 NaN NaN 0
2016 313 277.2 1.85 166 0.0125 0.01233 0 NaN NaN NaN 0.0212 0.01359 0
2016 314 281.3 1.36  65 0.0117 0.00102 1 281.2 1.53 210 0.0133 0.00280 1
2016 316 265.0 1.47 225 0.0121 0.00186 0 259.7 1.56  40 0.0122 0.00051 0
2016 317 256.8 2.94  46 0.0111 0.00160 0 257.9 1.71 206 0.0120 0.00194 0
2016 318 273.3 5.18 231 0.0171 0.00314 0 275.8 1.92  94 0.0275 0.00482 0
2016 320 286.6 1.41 170 0.0199 0.00162 0 282.3 2.57 174 0.0270 0.00344 0
2016 321 278.7 2.84 237 0.0233 0.00297 1 279.1 3.35 216 0.0230 0.00535 1
2016 322 267.0 1.48 242 0.0293 0.00623 1 266.2 1.17   6 0.0419 0.00373 0
2016 323 268.0 1.63 227 0.0715 0.01283 0 270.4 1.25   6 0.1029 0.00676 0
2016 324 279.9 5.27 156 0.1226 0.00653 0 281.5 3.28 117 0.1370 0.00929 0
2016 325 281.1 2.81 233 0.0522 0.01172 1 281.2 2.62 200 0.0408 0.00505 0
2016 326 281.6 3.53  85 NaN NaN 0 282.9 3.66 105 0.0186 0.00045 0
2016 329 282.4 4.38  10 0.0180 0.00513 0 280.7 2.16   5 0.0155 0.00145 0
2016 330 289.2 1.52 229 0.0104 0.00077 1 288.2 0.58   3 0.0087 0.00000 0
2016 331  NaN NaN NaN NaN NaN 0 283.9 1.12  45 0.0129 0.00054 0
2016 332 271.4 1.66 126 0.0088 0.00033 0 270.6 2.67 195 NaN NaN 0
2016 333 270.1 1.58 216 0.0109 0.00114 0 267.7 2.11  60 0.0166 0.00098 0
2016 334 264.3 1.38 130 0.2790 0.00000 0 266.9 1.79  65 NaN NaN 0
2016 335 273.5 1.27 175 0.0148 0.00086 0 266.6 2.19 100 0.0183 0.00317 0
2016 340 271.9 1.48  50 0.0235 0.00194 1 269.8 2.65 196 0.0274 0.00445 1
2016 341 261.7 1.66 239 0.0171 0.00124 1 258.7 2.66 196 0.0197 0.00131 1
2016 342 258.2 2.01 243 0.0579 0.01147 0 258.7 1.69 196 0.0574 0.02490 0
2016 343  NaN NaN NaN 0.0290 0.00747 0 249.8 2.24   5 0.0242 0.00995 1
2016 344 259.1 2.32 204 0.0330 0.00360 0 260.4 1.88 111 0.0289 0.00454 0
2016 345 274.5 2.44 194 0.0174 0.00149 0 276.2 2.10 196 0.0177 0.00308 1
2016 346 282.2 1.54 233 0.0160 0.00266 0 279.8 2.44  55 NaN NaN 0
2016 347 265.6 1.47  58 0.0159 0.00156 0 261.5 2.38  32 0.0171 0.00129 0
2016 348 251.6 3.43 116 0.0174 0.00666 0 255.2 1.87  65 0.0429 0.01368 0
2016 349 266.8 3.21 243 0.0123 0.00062 1 272.2 0.87  35 0.0138 0.00237 1
2016 350 264.7 1.33   9 0.0089 0.00030 1 259.4 2.88 200 0.0099 0.00262 1
2016 351 253.8 1.96 227 0.0095 0.00085 1 257.2 1.94 155 0.0087 0.00167 0
2016 361  NaN NaN NaN NaN NaN 0 258.2 0.91  46 0.1473 0.00682 0
2016 362 256.5 2.29 217 0.1360 0.00668 0 259.4 1.46 172 0.1011 0.01546 0
2016 363  NaN NaN NaN NaN NaN 0 250.1 1.89 105 0.1146 0.01356 0
2016 364 256.9 1.35  20 0.1043 0.01214 0 253.6 3.27 204 0.0854 0.00971 1
2016 365 255.3 2.10 195 NaN NaN 0 254.7 1.94 203 0.1489 0.12776 0
2017 001  NaN NaN NaN 0.0441 0.00728 1 254.8 3.14  40 0.0395 0.00693 1
2017 003  NaN NaN NaN 0.0425 0.01283 0 260.1 5.67  55 0.0297 0.01158 0
2017 005 270.2 2.40   5 NaN NaN 0 285.4 0.83  10 0.0814 0.00000 0
2017 006 287.9 1.48 223 0.0255 0.00529 0 286.6 1.37 218 0.0650 0.03914 1
2017 007 286.5 2.26 226 0.0715 0.00373 0 285.7 2.67 213 0.0634 0.00350 0
2017 008 285.0 3.28 201 0.0965 0.00819 0 279.6 3.30 194 0.0839 0.01042 0
2017 009 267.4 1.97 142 0.0547 0.01260 0 265.4 3.45 213 0.0879 0.01062 0
2017 010 254.9 2.70 235 0.0142 0.00215 0 253.6 2.59 210 0.0143 0.00173 0
2017 011 259.6 0.66  36 0.0377 0.00776 0 263.1 1.47 110 0.0467 0.02073 0
2017 012 267.4 1.19 235 NaN NaN 0 269.8 2.78 208 0.1187 0.01683 0
2017 013 262.1 2.21 181 0.0145 0.00590 0 261.1 1.68 130 0.0158 0.00000 0
2017 014 274.1 1.92 225 0.0080 0.00193 1 276.1 1.91 216 0.0096 0.00597 1
2017 015 283.7 1.31 236 0.0144 0.00565 0 278.9 3.86 216 0.0112 0.00548 0
2017 016 270.9 1.89 236 0.0105 0.00846 0 272.4 1.34 215 0.0076 0.00250 0
2017 017 282.7 3.08 241 0.0110 0.00267 0 287.0 1.19 205 0.0145 0.00484 0
2017 018 310.3 3.07 222 0.0142 0.00119 0 305.9 3.94 215 0.0146 0.00260 0
2017 019 285.0 2.65 228 0.0131 0.00105 1 286.7 1.56 215 0.0194 0.00541 1
2017 020 285.6 3.12 183 0.0313 0.00663 0 NaN NaN NaN NaN NaN 0
2017 021 287.6 3.80  80 0.0139 0.00280 0 291.5 1.76  10 0.0072 0.00032 0
2017 022 296.7 2.51 220 0.0037 0.00050 0 295.3 2.68 210 0.0084 0.00384 1
2017 023 287.3 2.04 130 0.0081 0.00086 0 290.0 1.36 180 0.0095 0.00234 0
2017 024 291.2 1.75 243 0.0137 0.00064 0 294.1 1.90 188 0.0131 0.00157 0
2017 025 288.8 2.29 160 0.0144 0.00337 0 295.2 1.64 210 0.0246 0.01582 0
2017 026 284.2 3.70  35 0.0113 0.00000 0 285.3 3.79  30 0.0450 0.03641 0
2017 027 280.2 2.01 244 0.0109 0.00093 1 275.0 4.32 210 0.0138 0.00162 1
2017 028 286.3 1.47 235 0.0117 0.00082 1 280.3 2.91 210 0.0143 0.00114 1
2017 029 277.5 1.83 245 0.0105 0.00089 1 276.5 3.06 215 0.0126 0.00173 1
2017 030 285.5 1.25  75 0.0149 0.00217 1 NaN NaN NaN 0.0114 0.00270 1
2017 047 271.4 1.17  25 0.0035 0.00109 0 272.4 1.37 219 0.0063 0.00357 1
2017 048 279.5 2.68 271 0.0634 0.01361 1 284.2 1.83 234 0.0631 0.02070 1
2017 049 307.4 5.03 107 0.0092 0.00337 1 306.5 5.28 226 0.0087 0.00332 1
2017 050 265.6 2.15 271 0.0081 0.00133 1 262.1 1.54 232 0.0178 0.00855 1
2017 051 272.0 1.37  86 0.0150 0.00325 0 281.9 1.88 105 NaN NaN 0
2017 053 302.7 1.59 217 0.0394 0.00237 1 304.5 4.37  60 0.0449 0.00548 0
2017 054 340.4 4.92  86 0.0577 0.00750 0 329.1 2.79 166 0.0601 0.00820 0
2017 055 320.4 1.79 182 0.1392 0.02380 0 324.2 2.09 163 0.1575 0.02566 0
2017 056 336.4 1.50 239 0.0624 0.03867 0 327.9 3.59 222 0.0195 0.00432 0
2017 057 314.6 1.80 232 0.0117 0.00163 1 310.8 2.20 245 0.0126 0.00175 1
2017 058 299.7 3.33 252 0.0093 0.00330 0 305.1 1.65 241 0.0107 0.00348 1
2017 059 312.0 2.03 236 0.0143 0.00227 0 315.5 1.54 249 0.0168 0.00147 0
2017 060 285.8 2.08 238 0.1087 0.08457 0 279.6 3.04 238 0.1512 0.02199 0
2017 061 271.1 1.06 108 0.0645 0.02092 0 274.9 1.87 215 0.0607 0.00903 0
2017 062 284.4 2.65 227 0.0121 0.00317 0 286.0 1.85 246 0.0141 0.00407 1
2017 063 302.6 3.54 257 0.0127 0.00286 1 308.6 2.41 221 0.0262 0.00640 1
2017 064 306.1 1.54 257 0.0138 0.00363 0 304.9 1.55  96 0.0105 0.00000 0
2017 080  NaN NaN NaN 0.0187 0.00987 0 285.6 4.59 220 0.0259 0.01531 0
2017 081 297.5 3.38 203 NaN NaN 0 316.4 6.37 220 0.0433 0.01406 0
2017 082 331.3 1.41 216 0.0134 0.00210 0 340.5 1.48  90 0.0156 0.00370 0
2017 083 325.9 2.87 201 0.0098 0.00181 1 331.7 3.66 220 0.0123 0.00286 0
2017 084 332.9 4.55 164 0.0137 0.00122 0 343.2 6.27 210 0.0201 0.00292 0
2017 085 304.0 2.27 210 0.0200 0.00181 0 305.2 2.53 168 NaN NaN 0
2017 086 320.4 1.49 205 0.0220 0.00168 1 312.1 3.72 215 0.0317 0.00569 1
2017 087 299.9 2.32 205 0.0487 0.00486 1 298.4 1.84 215 0.0608 0.00325 1
2017 088 298.1 1.80 205 0.0468 0.00275 0 310.9 1.92 210 0.0548 0.01146 0
2017 089 300.1 3.14 179 0.0259 0.00206 0 293.2 1.83 190 0.0342 0.00660 0
2017 090 288.6 1.59 194 0.0340 0.00838 0 287.7 1.61 130 0.0541 0.00555 0
2017 091 279.1 2.81 222 0.0654 0.01119 0 278.3 2.22 202 0.0435 0.01525 0
2017 092 284.4 2.78 209 0.0664 0.03527 0 285.9 1.93 203 0.1050 0.02711 0
2017 093 285.9 2.56 144 0.0419 0.00939 1 286.8 2.80 205 0.0477 0.00792 1
2017 094 286.6 1.79 208 0.0228 0.00091 1 289.3 3.28 185 0.0247 0.00087 1
2017 095 296.6 4.89 210 0.0243 0.00152 1 289.9 3.58 200 0.0234 0.00302 1
2017 096 321.2 2.12 196 0.0269 0.00231 1 324.2 2.54 175 0.0254 0.00448 1
2017 097 308.1 2.97 208 0.0230 0.00236 1 305.5 2.71 186 0.0258 0.00310 1
2017 098 306.9 3.41 201 0.0258 0.00146 1 311.5 6.09 191 0.0337 0.00554 1
2017 099 318.9 1.82 198 0.0418 0.00339 1 320.8 2.96 185 0.0386 0.00360 1
2017 100 326.1 3.02 204 0.1106 0.02428 0 313.7 1.80  88 0.1137 0.03126 0
2017 101 304.3 2.71 194 0.0370 0.01202 0 301.1 2.51 149 NaN NaN 0
2017 102 307.8 2.05 208 0.1102 0.01046 0 295.1 2.76 182 0.0752 0.00625 0
2017 103 291.2 4.72 184 0.0369 0.00933 1 289.3 2.99 187 0.0405 0.00730 1
2017 104 285.2 2.56 194 0.0339 0.01449 0 283.5 1.79 170 0.0876 0.01118 0
2017 106 277.2 1.81  13 0.1186 0.00219 0 281.8 2.19 184 0.1138 0.00570 0
2017 107 285.6 1.78 189 0.0938 0.00677 1 282.8 1.49 174 0.0864 0.00839 1
2017 108 283.4 2.60 192 0.0513 0.01414 0 288.8 3.23 180 0.0336 0.00518 0
2017 109 297.6 2.95 199 0.0310 0.00378 1 299.8 2.89 178 0.0403 0.00463 1
2017 110 300.2 3.10 202 0.0380 0.00158 1 296.5 2.59 160 0.0347 0.00305 0
2017 111 297.7 2.81 207 0.0303 0.00103 1 300.4 4.48 180 0.0312 0.00310 1
2017 112 293.0 2.47 211 0.0257 0.00320 1 300.8 4.19 170 0.0330 0.00681 0
2017 113 307.7 2.76 193 0.0222 0.00346 0 314.1 5.70 169 0.0245 0.00542 0
2017 114 302.5 1.65 204 0.0443 0.01272 0 305.1 3.44 178 0.0348 0.00342 0
2017 115 306.0 3.07 185 0.0300 0.00881 0 295.7 1.87  45 0.0499 0.00589 0
2017 120 342.4 6.16 211 0.0194 0.00229 0 327.2 1.96 170 0.0273 0.00411 0
2017 122 322.7 3.07 130 0.0406 0.00299 1 318.0 1.58 175 0.0410 0.00207 1
2017 123 304.9 2.17  87 0.0269 0.00536 0 307.1 2.75 175 0.0341 0.00357 1
2017 124 303.8 5.25 211 0.0194 0.00159 0 NaN NaN NaN NaN NaN 0
2017 130 297.1 2.59 215 0.0302 0.01227 0 299.6 1.71  45 0.0403 0.01350 0
2017 132 297.2 1.70 184 0.0244 0.00743 0 305.8 2.74  60 NaN NaN 0
2017 133 322.0 2.34 189 0.0356 0.00247 1 324.7 1.73 192 0.0337 0.00370 1
2017 134 304.0 4.41 189 0.0336 0.00626 1 298.4 1.32 193 0.0368 0.00576 0
2017 135 286.8 2.62 184 0.0775 0.02768 0 286.1 1.84 178 0.0378 0.00520 0
2017 136 276.2 1.99  98 0.0320 0.01341 0 272.5 1.59 164 NaN NaN 0
2017 138 275.5 2.02 188 0.0185 0.00131 1 288.0 4.34 180 0.0242 0.00814 1
2017 140 277.9 2.00 193 0.0379 0.01286 0 277.2 2.37 176 0.0311 0.00238 1
2017 141 285.1 1.97 182 0.0313 0.00324 1 295.9 3.77 167 0.0353 0.00155 1
2017 142 304.4 1.63 192 0.0366 0.00432 1 307.9 3.20 177 0.0351 0.00367 1
2017 143 289.0 3.60 182 0.0304 0.00352 0 289.0 4.26 173 0.0336 0.00668 0
2017 144 298.0 1.85  98 0.0295 0.00488 1 NaN NaN NaN 0.0261 0.00298 1
2017 147 314.0 1.60   4 0.0148 0.00082 1 385.6 14.38 109 0.0178 0.00299 1
2017 148 331.3 1.11  25 0.6383 1.63154 1 334.0 2.09 145 1.3350 2.12767 1
2017 149 333.1 2.95  95 0.0119 0.00073 1 340.9 5.63 122 0.0180 0.00405 1
2017 150 331.6 3.06 120 0.0196 0.00121 1 338.7 2.11 181 0.0219 0.00273 1
2017 159 323.9 1.83 141 0.0227 0.00483 1 326.1 2.87  40 0.0255 0.00341 1
2017 160 309.2 1.13  35 0.0197 0.00305 1 NaN NaN NaN 0.0311 0.00252 1
2017 164  NaN NaN NaN 0.0197 0.00187 1 297.6 5.00 189 0.0235 0.00342 1
2017 165 288.0 2.66 185 0.0182 0.00246 1 287.9 3.13 170 0.0203 0.00093 1
2017 166 284.1 1.70 184 0.0136 0.00155 1 284.1 2.62  70 0.0152 0.00459 1
2017 167 281.9 1.70 189 0.0172 0.00163 1 284.8 2.82 180 0.0246 0.00148 1
2017 168 285.9 1.47 195 0.0195 0.00276 1 291.2 2.44 189 0.0211 0.00122 1
2017 169 283.0 2.83 185 0.0175 0.00202 1 285.6 2.41 184 0.0201 0.00080 1
2017 170 278.9 2.51 190 0.0190 0.00325 1 284.2 4.28 179 0.0265 0.00224 1
2017 171 283.4 3.01 175 0.0215 0.00582 1 281.3 2.46 189 0.0449 0.00655 1
2017 172 273.8 2.38 189 0.1029 0.01520 0 274.1 2.45 157 0.1306 0.00913 0
2017 173 265.8 1.19  55 0.3039 0.07956 0 274.6 1.95  36 0.3191 0.01453 0
2017 174 275.0 1.65 100 0.5119 0.07670 0 279.5 1.74  78 0.5611 0.00356 0
2017 175 272.9 1.58 190 0.3840 0.01796 0 278.4 2.21   5 NaN NaN 0
2017 176 280.3 2.26 134 0.2693 0.00164 0 283.7 2.29 121 0.3054 0.00000 0
2017 177 278.1 2.12 151 0.2862 0.01228 0 278.9 1.87 189 0.3095 0.01914 0
2017 178 273.4 2.04 185 0.3487 0.01511 0 275.0 2.19 194 0.3371 0.00832 0
2017 179 276.5 2.18 194 0.1870 0.05491 0 280.3 2.28 179 0.0444 0.01156 1
2017 180 282.5 2.00 194 0.0103 0.00143 1 285.9 3.63 184 0.0165 0.00661 1
2017 181 281.3 1.89 190 0.0176 0.00111 1 283.5 2.60 179 0.0174 0.00131 1
2017 182 280.9 1.35 195 0.0128 0.00084 1 287.9 2.51 184 0.0170 0.00384 1
2017 183 284.1 2.31 190 0.0160 0.00185 1 287.1 2.30 169 0.0236 0.00260 1
2017 184 285.3 2.37 175 0.0195 0.00281 1 287.7 3.11 184 0.0271 0.00207 1
2017 185 292.6 1.73 185 0.0150 0.00093 1 292.6 2.52 184 0.0167 0.00128 1
2017 186 292.1 2.59 151 0.0218 0.00153 1 292.6 3.54 174 0.0224 0.00328 1
2017 187 301.5 3.26 185 0.0305 0.00136 1 297.1 2.35 183 0.0275 0.00224 1
2017 188 293.6 1.81 190 0.0252 0.00200 1 294.1 2.22 188 0.0283 0.00238 1
2017 189 294.1 1.92 190 0.0383 0.01190 1 297.1 2.51 179 0.0300 0.00642 1
2017 190 293.9 2.17 181 0.0210 0.00131 1 294.0 2.66 183 0.0175 0.00118 1
2017 191 293.9 2.19 161 0.0177 0.00170 1 299.9 3.49 184 0.0238 0.00282 1
2017 192 308.8 1.29 186 0.0311 0.00243 1 318.3 4.98 188 0.0347 0.00290 1
2017 193 293.9 2.44 175 0.0228 0.00476 1 297.0 2.95 183 0.0320 0.00212 1
2017 194 283.9 1.89 211 0.1796 0.01658 0 285.3 1.89 190 0.1765 0.01293 0
2017 195 287.9 1.59 170 0.3090 0.00278 0 286.7 1.56 164 0.3208 0.01695 0
2017 196 284.3 1.76 206 0.5345 0.08697 0 285.1 2.13 166 0.8232 0.03681 0
2017 197 291.5 2.20 211 0.5179 0.02974 0 287.6 1.79 171 0.5976 0.02116 0
2017 198 288.6 2.22 201 0.4132 0.03876 0 286.6 1.84 176 0.4355 0.02499 0
2017 199 290.5 1.88 202 0.2296 0.01276 0 293.4 1.61 191 0.2312 0.00952 0
2017 200 294.8 2.41 212 0.0632 0.01717 1 296.2 2.35 171 0.0387 0.01943 1
2017 201 290.5 2.71 213 0.0158 0.00288 1 287.7 1.56 161 0.0173 0.00327 1
2017 202 292.2 1.74 207 0.0131 0.00161 1 295.3 3.65 185 0.0143 0.00407 1
2017 203 301.6 1.65 208 0.0395 0.00317 1 302.8 1.73 166 0.0334 0.00369 1
2017 204 298.2 2.04 212 0.0245 0.00197 1 296.1 2.57 173 0.0578 0.02427 1
2017 205 286.3 2.70 197 0.2290 0.02986 0 283.5 1.74 186 0.3771 0.03294 0
2017 206 283.1 1.70  92 0.1944 0.02012 0 285.5 2.28 148 0.2240 0.02046 0
2017 207 283.4 1.65 203 0.3103 0.01749 0 281.5 1.66 186 0.2587 0.01990 0
2017 208 280.3 2.11 209 0.2318 0.00829 0 282.5 2.02 191 0.2260 0.01654 0
2017 209 276.5 1.60 198 0.2016 0.00798 0 279.0 2.12 191 0.2524 0.01799 0
2017 210 278.5 2.00 198 0.2576 0.00982 0 281.4 2.58 195 0.2010 0.03426 0
2017 211 281.9 2.07 204 0.1290 0.02148 0 286.9 3.02 184 0.0919 0.00625 1
2017 212  NaN NaN NaN 0.0191 0.00719 1 293.1 1.74 189 0.0192 0.00273 1
2017 213 294.1 2.38 200 0.0231 0.00305 1 294.5 2.13 173 0.0248 0.00414 1
2017 214 287.7 1.64 199 0.0180 0.00722 1 284.1 2.17 192 0.0179 0.00563 1
2017 215 284.3 1.62 200 0.0123 0.00418 1 287.3 2.56 186 0.0145 0.00191 1
2017 216 289.6 1.77 200 0.0202 0.00663 1 292.3 2.02 185 0.0252 0.00769 1
2017 217 285.2 1.87 191 0.0426 0.02265 1 285.3 2.35 175 0.0564 0.01063 1
2017 218 284.8 1.85 207 0.0670 0.01095 1 284.7 1.50 189 0.2163 0.11470 0
2017 219 283.0 1.53 183 0.8385 0.07170 0 280.8 1.96 180 0.9324 0.06210 0
2017 220 279.3 1.56 211 0.5192 0.04864 0 NaN NaN NaN 0.5486 0.03070 0
2017 221 278.8 1.92 191 0.2235 0.01598 0 279.8 1.95 175 0.2302 0.01429 0
2017 222 280.1 1.87 201 0.2099 0.02268 0 280.3 1.80 180 0.2078 0.01365 0
2017 223 274.6 2.12 201 0.1607 0.03470 0 277.3 1.56 184 0.1111 0.03095 0
2017 224 277.4 1.46 201 0.0569 0.01358 1 280.0 1.85 163 0.0511 0.02415 1
2017 225 281.8 1.31 206 0.0956 0.01335 0 280.5 1.79 181 0.1042 0.00603 1
2017 226 281.3 2.06 196 0.0780 0.01561 1 282.8 2.14 155 0.0529 0.01247 1
2017 227 286.2 1.79 191 0.0232 0.01410 1 286.8 1.68 164 0.0376 0.01277 1
2017 228 286.6 2.53 202 0.0437 0.03036 1 285.4 2.13 173 0.1047 0.01391 1
2017 229 284.8 1.81 197 0.1002 0.00668 1 284.1 1.86 177 0.1057 0.00899 1
2017 230 284.5 1.52 203 0.0646 0.00237 1 283.5 1.71 171 0.0481 0.00823 0
2017 231 283.8 2.00 197 0.0651 0.01819 1 283.3 1.89 175 0.1330 0.01828 0
2017 232 275.8 1.70 200 0.4713 0.03985 0 278.1 1.63  70 0.5186 0.06491 0
2017 233 278.2 1.98 188 0.5867 0.02593 0 279.3 1.43 125 0.6196 0.02603 0
2017 234 275.6 2.04 147 0.3845 0.02351 0 272.9 1.69 173 0.3162 0.02394 0
2017 235 272.3 2.15 156 0.2452 0.01188 0 275.6 1.89 100 0.2507 0.01657 0
2017 236 276.8 2.24 194 0.1070 0.00856 1 277.5 1.60 172 0.1279 0.00473 0
2017 237 277.3 1.72 198 0.2711 0.02392 0 279.6 1.32  74 0.3332 0.01855 0
2017 238 276.5 1.88 133 0.3616 0.04759 0 277.9 2.50 140 0.3671 0.04730 0
2017 239 272.6 1.50 193 0.2929 0.08474 0 273.5 1.72  15 NaN NaN 0
2017 240 271.8 1.56 153 0.1701 0.00917 0 276.2 2.36 174 0.1291 0.02976 0
2017 241 279.0 1.43 188 0.0174 0.00233 1 281.3 2.74 168 0.0199 0.00142 1
2017 242 288.3 1.76 204 0.0213 0.00144 1 290.7 2.12 125 0.0287 0.00246 1
2017 243 286.7 2.66 204 0.0193 0.00130 1 287.6 1.98 161 0.0227 0.00167 1
2017 244 282.1 1.67 130 0.0192 0.00205 0 282.2 2.17 167 0.0231 0.00530 0
2017 245 278.3 1.98 180 0.0173 0.00154 1 277.2 2.08 159 0.0192 0.00150 0
2017 246 274.9 1.48 202 0.0197 0.00649 1 273.9 1.23 158 0.0279 0.00223 1
2017 247 271.6 1.26 154 0.1548 0.02801 0 274.6 2.04 182 0.1822 0.02243 0
2017 248 272.8 1.83 210 0.2176 0.05995 0 274.9 2.27 185 0.0552 0.01856 1
2017 249 276.0 2.56 198 0.0196 0.00157 1 277.7 1.97 125 0.0202 0.00120 1
2017 250 279.3 1.43  25 0.0285 0.01155 0 280.2 1.96 193 0.0942 0.01760 0
2017 251 275.9 1.71 197 0.2012 0.01020 0 278.3 1.22  70 0.2413 0.02031 0
2017 252 274.7 1.97 199 0.1514 0.01158 0 275.8 1.89 195 0.1549 0.01305 0
2017 253 279.3 1.90 208 0.0654 0.00875 1 282.6 2.36 205 0.0389 0.00524 1
2017 254 280.7 2.26 209 0.0216 0.00222 1 284.9 2.38 188 0.0296 0.00305 0
2017 255 285.4 1.59 224 0.0768 0.00437 1 285.7 2.30 212 0.0467 0.00898 1
2017 256 285.1 2.99 180 0.0439 0.00315 1 283.5 2.47 199 0.0414 0.00395 1
2017 257 281.0 1.67 155 0.0303 0.00150 0 278.9 2.98  55 NaN NaN 0
2017 258 285.6 2.07 150 0.2029 0.02636 0 280.4 1.62  70 NaN NaN 0
2017 259 277.7 2.32 155 0.0920 0.02950 0 280.4 2.46 131 0.1879 0.00567 0
2017 260 271.5 2.59 189 0.1822 0.01599 0 269.3 1.77 138 0.1827 0.01326 0
2017 261 264.3 1.47 204 0.3862 0.02305 0 265.7 1.94 160 0.4027 0.03101 0
2017 262 263.5 1.70 225 0.4058 0.02831 0 264.8 2.34 204 0.4737 0.02032 0
2017 263 264.2 1.93 137 0.2471 0.03308 0 266.4 2.36 206 0.1810 0.03055 0
2017 264 269.6 1.31 212 0.0189 0.00112 0 273.4 2.87 182 0.0203 0.00273 0
2017 265 287.4 2.44 210 0.0287 0.00321 1 286.8 2.68 207 0.0311 0.00220 1
2017 267 279.2 2.23 229 0.1109 0.05626 0 280.1 2.09 224 0.1572 0.01140 0
2017 268 278.1 1.48 130 0.0932 0.00635 0 279.3 1.37  20 NaN NaN 0
2017 269 277.3 1.09  69 NaN NaN 0 276.4 2.12  26 0.0732 0.00000 0
2017 270 271.6 1.35 149 0.0485 0.01561 0 277.7 1.52  82 0.0377 0.00787 0
2017 271 276.6 1.77 240 0.0393 0.00401 0 278.9 2.98 125 0.0452 0.00469 1
2017 272 281.5 3.27 264 0.0243 0.00363 1 279.5 2.09  65 0.0254 0.00216 1
2017 273 282.0 3.68 244 0.0243 0.00565 0 278.9 2.62 185 0.0253 0.00226 0
2017 274 283.4 3.16 233 0.0256 0.00232 1 281.7 2.89 215 0.0251 0.00137 1
2017 275 285.7 2.00 243 0.0262 0.00365 1 286.6 2.15 218 0.0273 0.00111 1
2017 276 282.6 1.78 253 0.0261 0.00300 1 281.2 1.65 212 0.0294 0.00256 1
2017 277 279.3 1.97 244 0.0338 0.01568 1 278.9 2.01 230 0.0566 0.01330 1
2017 278 279.6 1.87 248 0.0819 0.01429 1 283.0 1.72 173 0.0336 0.01962 1
2017 279 283.7 1.71 259 0.0248 0.01099 1 281.8 1.26 227 0.1035 0.01887 1
2017 280 278.5 1.48 238 0.0222 0.00390 1 279.4 2.07 205 0.0258 0.00242 1
2017 281 277.4 2.30 103 0.0322 0.00767 0 NaN NaN NaN 0.0275 0.00000 0
2017 282 276.1 1.81 207 0.0246 0.00816 0 276.8 1.89 176 0.0322 0.00656 0
2017 283 274.2 1.97 188 0.0211 0.00421 0 273.7 1.77 190 0.0272 0.00106 0
2017 288 261.1 2.36  20 NaN NaN 0 262.9 2.64  96 0.1484 0.00426 0
2017 290 280.3 1.10  15 0.1905 0.01120 0 280.8 1.34  95 0.1263 0.00821 0
2017 291 278.6 2.18 245 0.0427 0.01156 0 278.2 1.63 220 0.0318 0.01213 0
2017 292 274.2 1.72 191 0.0230 0.00827 1 271.6 1.32 215 0.0219 0.00296 1
2017 293 263.8 2.89 237 0.0151 0.00169 1 263.1 2.31 219 0.0184 0.00135 0
2017 294 264.9 2.20 225 0.0169 0.00215 0 263.4 1.91 195 0.0338 0.00281 0
2017 295 269.3 1.92 246 NaN NaN 0 270.3 2.55 207 0.0338 0.01423 0
2017 296 270.4 2.06 265 0.0265 0.00278 0 268.7 2.02 142 NaN NaN 0
2017 297 264.3 2.30 246 0.0728 0.00931 0 263.3 1.49 164 NaN NaN 0
2017 298 264.6 2.50 256 0.0508 0.00268 0 265.0 1.49  99 0.0423 0.00404 1
2017 299 267.1 2.08 254 0.1560 0.00000 0 268.3 2.33 110 0.6155 0.42034 0
2017 300  NaN NaN NaN 0.0284 0.00513 0 272.1 1.07  90 0.0639 0.04904 0
2017 301 272.5 1.51 205 1.4799 0.23122 0 272.0 1.59 185 2.4159 0.00000 0
2017 302 271.0 2.24 254 0.0253 0.00509 1 268.7 1.22 229 0.0327 0.00773 1
2017 303 274.5 1.38 251 0.0242 0.00377 1 276.5 2.09 233 0.0368 0.00439 1
2017 304 279.6 1.17 129 0.0342 0.00765 1 279.0 1.51 200 0.0409 0.00665 1
2017 305 272.7 1.67 253 0.0295 0.00756 1 275.2 5.01 234 0.0352 0.00739 1
2017 306 270.2 1.42 243 0.0388 0.00532 0 270.0 2.00 218 0.0367 0.00513 1
2017 307 271.3 2.24 217 0.0285 0.00514 0 270.7 1.59  42 NaN NaN 0
2017 308 277.6 1.57 158 0.0244 0.00320 0 NaN NaN NaN NaN NaN 0
2017 309 280.8 1.73  71 0.0252 0.00134 0 NaN NaN NaN NaN NaN 0
2017 310 283.1 2.03 152 0.0259 0.00306 0 291.8 2.94 124 0.0294 0.00388 0
2017 311 307.3 1.53 116 0.0675 0.00222 0 302.0 2.74  68 0.1899 0.03422 0
2017 312 289.3 1.47 216 0.0652 0.00337 0 291.8 2.08 220 0.0490 0.00686 1
2017 313 283.7 2.30 252 0.0277 0.00263 0 282.7 1.54 211 0.0269 0.00368 0
2017 314 276.3 2.16 233 0.0417 0.00394 1 274.5 1.95 217 0.0522 0.00653 0
2017 315 273.5 2.27 242 0.1047 0.00626 1 273.6 2.05 211 0.1131 0.01243 0
2017 316 277.0 1.61 199 0.1276 0.00818 0 276.0 1.37 207 0.1309 0.00445 1
2017 317 281.5 1.87 217 0.1795 0.04227 0 280.1 1.84 214 0.1660 0.03132 0
2017 318 282.8 2.57 233 0.0681 0.00496 1 280.9 1.48 217 0.0885 0.00537 0
2017 319 280.9 1.58 242 0.0564 0.01038 0 284.1 2.18 207 0.0687 0.02001 0
2017 320 285.1 2.51 232 0.0665 0.00942 0 284.8 2.37 211 0.0901 0.00604 0
2017 321 293.8 1.61 138 0.0936 0.00398 0 292.7 1.84  20 0.1264 0.00000 0
2017 322 290.8 2.86 227 0.0490 0.00247 1 284.9 1.17 213 0.0440 0.00605 0
2017 323 286.8 1.83 203 0.0354 0.00204 1 290.4 3.29 205 0.0357 0.00102 0
2017 324 293.6 4.54 237 0.0563 0.00193 1 285.2 1.52 201 0.0481 0.00455 0
2017 326 274.0 2.20 222 0.0363 0.01288 1 268.9 2.16   5 0.0549 0.00577 0
2017 353 270.6 2.10 198 0.0123 0.00026 1 271.7 2.51 170 0.0140 0.00107 1
2017 354 271.9 1.42 112 0.0199 0.00330 1 273.0 1.56  51 0.0170 0.00182 1
2017 355 280.4 1.35 243 0.0132 0.00138 0 283.4 1.85 201 0.0152 0.00270 0
2017 356 275.5 2.18 237 0.0166 0.00139 0 277.4 2.04 202 0.0149 0.00210 0
2017 357 288.2 1.60 228 0.0144 0.00142 0 293.8 2.84 124 0.0141 0.00206 0
2017 358 323.4 2.50 232 0.0179 0.00070 0 324.5 1.68 199 0.0185 0.00113 0
2017 359 302.2 2.01 232 0.0147 0.00051 0 293.1 2.61 175 0.0155 0.00109 0
2017 360 273.1 3.90 232 0.0143 0.00113 0 270.7 3.35 205 0.0144 0.00205 0
2017 361 282.6 3.50 233 0.0139 0.00088 0 275.0 1.73 207 0.0120 0.00101 0
2017 362 272.1 2.89 217 0.0171 0.00096 1 271.5 1.94 202 0.0156 0.00105 1
2017 363 273.5 1.73 192 0.0142 0.00000 0 276.5 2.88  65 0.5367 0.00000 0
2017 364 295.5 1.42  80 0.0213 0.00120 0 297.7 1.79  45 NaN NaN 0
2018 001 287.4 1.74 115 0.0179 0.00057 1 285.1 1.48 107 0.0156 0.00118 1
2018 002 285.9 1.30 116 0.0151 0.00050 1 288.6 1.78 107 0.0168 0.00129 1
2018 003 289.7 2.73 117 0.0147 0.00046 0 284.5 1.38 107 0.0161 0.00162 0
2018 004 274.9 1.80 117 0.0172 0.00049 1 275.3 1.21 108 0.0181 0.00081 1
2018 005 261.7 2.12 118 0.0130 0.00036 1 262.4 2.39 107 NaN NaN 1
2018 009 270.9 2.28  34 0.0254 0.01786 0 273.8 1.53  90 0.0188 0.00886 0
2018 010 268.5 1.15 103 0.0113 0.00122 1 268.1 1.31 112 0.0121 0.00131 1
2018 011 257.5 1.05  58 0.0129 0.00125 1 257.8 1.50 150 0.0148 0.00159 1
2018 012 266.5 1.21 109 0.0130 0.00160 1 267.7 1.83 150 0.0163 0.00076 1
2018 013 264.6 1.80 146 0.0132 0.00201 0 266.2 2.15 140 0.0391 0.01626 0
2018 014 269.9 0.74  16 0.0167 0.00301 0 NaN NaN NaN NaN NaN 0
2018 018  NaN NaN NaN 0.0112 0.00054 0 304.4 1.55 136 0.0138 0.00186 0
2018 019 290.2 1.25 147 0.0119 0.00040 1 287.6 1.82 133 0.0128 0.00124 1
2018 020 298.7 1.89 153 0.0142 0.00150 1 295.0 1.48 154 0.0146 0.00397 1
2018 021 290.8 1.63 152 0.0161 0.00108 0 290.2 2.02 150 NaN NaN 0
2018 022 277.6 1.41 144 0.0138 0.00058 0 277.0 1.30 157 0.0149 0.00146 0
2018 023 283.1 1.50 165 0.0152 0.00109 0 282.3 1.14 158 0.0160 0.00147 0
2018 024 287.1 1.38 160 0.0153 0.00044 0 292.1 2.84 160 0.0178 0.00182 0
2018 025 292.7 1.39 160 0.0141 0.00111 1 292.6 1.63 161 0.0150 0.00202 1
2018 026 298.5 1.10  30 0.0160 0.00061 0 302.2 1.42  72 0.0169 0.00060 0
2018 047  NaN NaN NaN 0.0286 0.00210 0 314.9 1.38  78 0.0350 0.00506 0
2018 048 291.4 1.30 205 0.0105 0.00100 1 294.7 1.57  99 0.0122 0.00249 1
2018 051 310.8 2.76  95 0.0144 0.00258 0 NaN NaN NaN NaN NaN 0
2018 052 287.8 1.96 201 NaN NaN 0 286.8 1.77 172 0.0121 0.00218 0
2018 053 305.2 1.56 167 0.0132 0.00112 0 302.0 2.67  44 0.0160 0.00259 0
2018 064 266.0 1.25 178 0.0383 0.00227 1 NaN NaN NaN 0.0269 0.00436 1
2018 068  NaN NaN NaN 0.0448 0.00632 0 275.1 1.99  10 0.0376 0.00304 0
2018 069 292.5 1.75  67 0.0148 0.00091 0 291.5 1.23 219 0.0153 0.00125 1
2018 070 294.5 1.47  80 0.0139 0.00045 1 294.3 1.96 220 0.0219 0.00812 1
2018 071 297.7 2.89 180 0.0261 0.00098 1 301.1 1.96 182 0.0291 0.00146 1
2018 072 294.5 2.27 185 0.0189 0.00082 1 292.4 2.26 190 0.0191 0.00073 1
2018 073 287.3 1.76 195 0.0179 0.00222 1 291.0 2.82 155 0.0279 0.01290 0
2018 074 297.5 5.20  10 0.0129 0.00000 0 308.1 5.47 147 0.0261 0.00589 0
2018 075 327.8 2.17  95 0.0167 0.00425 0 330.0 1.39 130 0.0408 0.01275 0
2018 076 312.1 1.71 185 0.0157 0.00505 0 308.0 3.05 155 0.0137 0.00164 1
2018 077 301.9 3.13 135 0.0108 0.00087 0 301.8 1.60 125 0.0141 0.00252 0
2018 078 292.2 1.78 160 0.0129 0.00133 1 292.9 2.47 141 0.0130 0.00195 0
2018 079 283.7 1.91 170 0.0151 0.00364 1 286.2 1.80 160 0.0143 0.00231 1
2018 080 279.7 1.34 162 0.0135 0.00179 1 282.1 2.25 145 0.0152 0.00106 1
2018 081 281.2 1.88 160 0.0124 0.00098 1 281.6 1.74 163 0.0132 0.00192 1
2018 082 279.9 1.17 100 0.0105 0.00070 1 289.5 1.76 140 0.0175 0.00455 1
2018 083 295.3 1.45 154 0.0169 0.00094 1 300.2 1.59 136 0.0299 0.02092 0
2018 084 309.4 2.76 150 0.0186 0.00585 0 316.4 1.67 145 0.0206 0.00129 1
2018 085 332.2 0.88  30 0.0824 0.00000 0 333.0 1.79 105 0.0296 0.02284 0
2018 086 324.2 1.59 150 0.0194 0.00587 0 321.2 1.64  65 0.0236 0.00000 0
2018 087 309.2 1.78 105 0.0772 0.00000 0 314.4 1.71 131 0.2139 0.07660 0
2018 088 315.5 2.07 120 0.1872 0.04262 0 322.2 2.10 145 0.4041 0.07913 0
2018 089 334.2 2.01 134 0.0784 0.03115 0 333.2 2.09 120 0.0331 0.01087 1
2018 090 323.1 1.92 135 0.0167 0.00215 1 308.9 1.77  60 0.0338 0.00624 1
2018 091 314.4 3.69 140 0.0432 0.00963 0 336.6 5.31 120 0.0600 0.01545 0
2018 092 324.9 2.72  35 0.0280 0.00451 0 308.0 2.67 114 0.0226 0.00406 0
2018 093 303.9 1.76 153 0.0347 0.00289 1 309.6 1.65 142 0.0419 0.00152 0
2018 094 302.7 1.62 106 0.0489 0.00175 0 305.3 1.84 145 0.0543 0.00388 0
2018 095 293.8 1.43 150 0.0405 0.00195 1 296.7 1.78 145 0.0374 0.00286 1
2018 096 319.3 2.24 144 0.0339 0.00314 1 317.1 2.28 100 0.0370 0.00230 0
2018 097 322.1 1.91  25 0.0281 0.00000 0 319.3 3.40 138 0.0298 0.00178 0
2018 098 315.9 1.42  80 0.0260 0.00126 0 320.8 2.25  18 0.0533 0.01916 0
2018 100 322.8 1.35 140 0.0189 0.00101 1 322.1 1.97 135 0.0238 0.00300 1
2018 101 320.2 1.97 135 0.0244 0.00279 1 319.2 1.62 135 0.0267 0.00188 1
2018 102 330.2 2.03 145 0.0458 0.00418 1 323.6 2.56  90 0.0398 0.00284 0
2018 103 314.8 1.38 145 0.0123 0.00080 1 314.4 3.13 132 0.0149 0.00370 1
2018 104 308.9 1.33 135 0.0181 0.00291 1 309.4 2.20 141 0.0291 0.00221 1
2018 105 320.0 1.70 110 0.0459 0.01409 0 314.1 1.59 134 0.0337 0.00158 1
2018 106 315.9 1.03  40 0.0325 0.00136 1 324.5 1.27  58 0.0359 0.00146 0
2018 107 327.4 1.65 125 0.0478 0.00672 1 349.5 2.56 136 0.0590 0.00853 1
2018 108 309.6 1.73 128 0.1295 0.02313 0 319.0 1.62  80 0.1214 0.01256 0
2018 109 316.7 3.07 138 0.1264 0.03164 0 323.1 2.38  25 0.0904 0.01316 0
2018 114 336.2 1.76  60 0.0457 0.00974 0 335.3 1.94  75 0.0770 0.01036 0
2018 115 327.1 1.71 150 0.0811 0.01041 0 323.2 1.42 105 0.1133 0.04338 1
2018 116 326.7 1.64 141 0.1297 0.01398 0 337.1 1.84 128 0.1221 0.00540 0
2018 117 330.0 0.92  35 0.0782 0.01801 0 326.8 2.16  57 0.0621 0.00600 0
2018 118 318.3 1.49 131 0.0463 0.00187 1 317.6 1.42 128 0.0480 0.01135 1
2018 119 305.2 1.36 135 0.0372 0.00676 0 306.3 1.48 110 0.0453 0.00830 0
2018 120 297.5 1.13 131 0.0248 0.00396 0 304.4 1.61 105 0.0398 0.00275 0
2018 121 312.6 1.41 121 0.0372 0.00267 0 316.4 1.57 110 0.0437 0.00305 0
2018 122 316.2 1.35  40 0.0369 0.00023 0 319.3 1.31   5 0.0430 0.00000 0
2018 123 314.8 1.82 140 0.0573 0.00712 1 312.7 1.61 110 0.0551 0.00268 0
2018 124 316.8 1.53 141 0.0514 0.00140 1 306.7 1.47   5 0.0517 0.00275 1
2018 125 329.3 4.22  15 0.0697 0.00908 0 NaN NaN NaN 0.0590 0.00000 0
2018 127 346.8 2.98  15 0.0462 0.00336 1 348.4 3.29  10 0.0440 0.00256 1
2018 128 322.3 4.52  15 0.0493 0.00295 1 327.4 2.00   5 0.0508 0.00184 1
2018 129 335.1 1.69   5 0.0419 0.00180 1 316.2 2.47   5 0.0375 0.00298 1
2018 131  NaN NaN NaN 0.0280 0.00581 1 317.0 1.68 130 0.0320 0.00182 1
2018 132 309.3 1.38 145 0.0303 0.00862 0 310.3 1.52 140 0.0266 0.00362 0
2018 133 305.3 1.62 145 0.0249 0.00202 1 306.7 1.94 137 0.0307 0.00360 1
2018 134 307.0 1.29 130 0.0354 0.00405 1 307.6 1.39 147 0.0446 0.00947 0
2018 135 313.2 2.25 124 0.0385 0.00296 0 323.3 1.52 138 0.0446 0.00116 1
2018 136 333.2 1.59 120 0.0337 0.00132 0 333.8 1.44 131 0.0508 0.01741 1
2018 137 323.7 1.62 140 0.0423 0.00369 1 323.7 1.81 120 0.0399 0.00154 1
2018 138 320.3 1.65 135 0.0384 0.00461 1 327.8 1.79 130 0.0466 0.00201 1
2018 139 324.5 2.07 140 0.0463 0.00299 1 339.9 3.48 135 0.0566 0.00724 1
2018 140 319.7 1.57 140 0.0650 0.00240 1 324.8 2.31 131 0.0621 0.00235 1
2018 141 331.8 3.26 115 0.0427 0.00404 1 329.2 1.66 133 0.0376 0.00191 1
2018 142 334.3 4.18 140 0.0394 0.00188 0 NaN NaN NaN NaN NaN 0
2018 143 317.7 2.17  90 0.0298 0.00321 0 324.9 1.64 108 0.0298 0.00145 0
2018 144 314.9 1.05  76 0.0212 0.00076 0 322.1 2.55  79 0.0265 0.00242 0
2018 145 334.7 3.36 118 0.0364 0.00208 0 NaN NaN NaN 0.0349 0.00000 0
2018 146 330.1 2.93  50 0.0343 0.00132 0 315.8 1.37 110 0.0238 0.00178 0
2018 147 314.7 1.58 143 0.0271 0.00120 0 314.3 1.54 120 0.0308 0.00114 1
2018 148 321.9 1.42 133 0.0319 0.00136 1 318.9 1.33 100 0.0320 0.00206 1
2018 149 315.0 1.40 138 0.0316 0.00258 1 318.5 1.69 134 0.0403 0.00729 1
2018 150 321.8 2.46 144 0.0713 0.01938 1 328.5 1.65 120 0.0489 0.00171 1
2018 151 319.9 3.00 133 0.0417 0.00214 1 319.6 1.65 134 0.0469 0.00298 1
2018 152 309.2 1.31 138 0.0544 0.00898 0 322.3 3.84 135 0.0553 0.00353 1
2018 153 321.6 3.15 136 0.0540 0.00534 1 328.5 1.47 119 0.0527 0.00619 1
2018 154 321.7 1.97 133 0.0299 0.00320 1 323.1 1.60 126 0.0325 0.00083 1
2018 155 318.0 2.13  97 0.0274 0.00176 1 316.0 4.15 123 0.0349 0.00220 1
2018 156 311.0 5.34 144 0.0439 0.01324 1 317.7 3.68 119 0.0316 0.00335 1
2018 157 301.3 4.62 134 0.0260 0.00435 1 311.0 4.08 137 0.0316 0.00061 1
2018 158 312.3 4.30  91 0.0308 0.00252 1 316.9 6.01 160 0.0316 0.00196 1
2018 159 310.3 3.34 155 0.0260 0.00142 1 310.5 3.23 163 0.0276 0.00098 1
2018 160 313.1 4.00 135 0.0304 0.00213 1 318.3 2.53 167 0.0317 0.00147 1
2018 161  NaN NaN NaN 0.0346 0.00233 1 315.0 1.32 122 0.0361 0.00200 1
2018 162 302.5 1.36 131 0.0397 0.00343 1 302.7 2.40 136 0.0395 0.00515 1
2018 163 300.3 1.23 136 0.0326 0.00420 1 301.5 1.58 142 0.0333 0.00243 1
2018 164 301.5 3.34 143 0.0382 0.00738 1 315.4 1.34 136 0.0407 0.00316 1
2018 165 315.0 1.62 130 0.0897 0.00863 1 317.3 1.70 133 0.0690 0.00709 1
2018 166 320.9 1.54 140 0.0548 0.00404 1 320.9 1.58 142 0.0586 0.00141 1
2018 167 321.7 1.27 137 0.1115 0.00652 0 313.4 1.85 127 0.0458 0.01107 0
2018 168 320.1 1.63 146 0.0357 0.00373 1 317.4 2.88 136 0.0379 0.00311 1
2018 169  NaN NaN NaN 0.0397 0.01006 1 310.5 1.66  10 0.0533 0.00282 1
2018 170 308.5 1.25 140 0.0514 0.00307 1 NaN NaN NaN 0.0534 0.00522 1
2018 171 297.5 1.57  92 0.0416 0.00819 1 297.9 1.88 130 0.0435 0.00935 1
2018 172 294.0 1.09  27 0.0270 0.00384 1 297.7 1.43 123 0.0312 0.00141 1
2018 173 299.3 1.49 140 0.0299 0.00095 1 294.1 1.59 125 0.0255 0.00203 1
2018 174 294.1 1.85 131 0.0239 0.00236 1 295.2 1.59 135 0.0270 0.00165 1
2018 175 291.4 1.34 146 0.0289 0.00739 1 293.4 1.30 111 0.0345 0.00358 1
2018 176 296.7 1.62 139 0.0329 0.01538 0 298.4 1.34 125 0.0449 0.00513 1
2018 177 292.0 1.63 135 0.0297 0.00895 1 294.1 1.65 140 0.0342 0.00581 1
2018 178 290.3 1.65 140 0.0251 0.00250 1 294.1 1.85 135 0.0237 0.00198 0
2018 179 289.0 1.56 140 0.0180 0.00246 1 296.0 1.18  80 0.0238 0.00113 1
2018 180 305.6 1.85  90 0.0288 0.00243 0 310.6 2.77  33 0.0262 0.00065 0
2018 181 307.9 1.21 138 0.0284 0.00148 1 306.4 2.17 141 0.0263 0.00273 1
2018 182 296.2 1.61 145 0.0260 0.00505 1 297.5 2.00 131 0.0336 0.00491 1
2018 183 295.9 1.59 137 0.0319 0.00703 1 299.6 1.75 128 0.0317 0.00594 1
2018 184 292.6 1.63 145 0.2242 0.01191 0 294.7 1.81 141 0.3416 0.03263 0
2018 185 289.9 1.47 141 0.4600 0.03562 0 294.8 1.85 132 0.3641 0.04555 0
2018 186 295.2 1.46 142 0.3847 0.01714 0 296.2 2.00 137 0.3816 0.01313 0
2018 187 300.2 1.28 146 0.2053 0.03458 0 300.8 1.48 135 0.1185 0.03708 0
2018 188 298.5 1.38 140 0.0393 0.01766 1 299.2 2.01 132 0.1244 0.04025 0
2018 189 294.2 1.51 120 0.4509 0.02945 0 289.4 1.83 130 0.5851 0.02962 0
2018 190 285.3 1.71 125 0.5018 0.01778 0 287.0 2.23 130 0.5060 0.01596 0
2018 191 287.0 1.89 130 0.5190 0.01367 0 288.5 2.26 134 0.5273 0.01377 0
2018 192 288.6 2.25 105 0.5269 0.02476 0 293.3 1.48 134 0.5012 0.02108 0
2018 193 294.2 1.88 135 0.2198 0.05358 0 298.1 1.49 133 0.2434 0.04549 0
2018 194 298.0 1.99 125 0.1732 0.04365 0 299.9 1.53 128 0.1407 0.01537 0
2018 195 293.5 1.25 130 0.1238 0.00530 0 293.6 1.69 113 0.1869 0.01888 0
2018 196 295.6 1.11  60 0.1329 0.01865 0 300.0 1.32 117 0.0612 0.01785 1
2018 197 297.3 1.25 135 0.0253 0.00121 1 299.8 1.95 117 0.0253 0.00169 1
2018 198 295.8 1.33 130 0.0243 0.00294 1 297.8 3.16 117 0.0282 0.00180 1
2018 199 289.7 1.85 130 0.0565 0.03183 1 292.3 2.29 126 0.4785 0.18001 0
2018 200 286.6 0.92  52 0.2948 0.04131 0 289.5 2.11 126 0.4688 0.03956 0
2018 201 288.0 2.01 140 0.3955 0.04100 0 290.3 1.62 130 0.2769 0.02386 0
2018 202 288.6 1.77 130 0.2030 0.01140 0 291.8 1.35 130 0.1421 0.03190 0
2018 203 293.3 1.40 140 0.0944 0.01097 1 294.9 1.51 130 0.1210 0.00717 0
2018 204 289.6 1.77 140 0.1639 0.01374 0 292.9 2.01 124 0.1851 0.00795 0
2018 205 289.5 1.55 136 0.2672 0.01744 0 287.3 2.04 129 0.3102 0.02045 0
2018 206 280.5 1.27  80 0.2520 0.03505 0 NaN NaN NaN 0.2297 0.01783 0
2018 226 282.7 2.01 120 0.0821 0.00579 0 286.1 1.34 115 0.0812 0.01016 0
2018 227 287.4 1.85 143 0.0512 0.00915 1 289.6 1.91 120 0.0532 0.00809 1
2018 228 292.5 1.13 143 0.0231 0.00435 1 294.4 1.36 120 0.0299 0.00738 1
2018 229 293.0 1.36 139 0.0241 0.00538 1 292.4 2.05 115 0.0272 0.00366 1
2018 230 287.5 1.54 138 0.0272 0.00551 1 287.9 1.95 121 0.0277 0.00239 1
2018 231 284.5 1.41 145 0.0286 0.00517 1 283.1 2.30 138 0.0369 0.00471 1
2018 232 278.8 1.74 137 0.0426 0.01739 1 281.9 2.03 128 0.0599 0.00788 1
2018 233 282.1 1.45 143 0.0916 0.00675 1 284.3 1.72 138 0.1217 0.00908 0
2018 234 283.4 1.37 139 0.0711 0.01921 0 281.8 2.01 131 0.0990 0.01128 0
2018 235 280.8 1.65 141 0.1013 0.00534 1 282.2 1.61 125 0.1125 0.00330 1
2018 236 282.1 1.31 146 0.0645 0.00792 1 284.3 1.39 135 0.0640 0.00841 1
2018 237 287.2 1.76 148 0.0415 0.01576 1 289.4 1.69 125 0.0599 0.00279 1
2018 238 293.4 1.43 124 0.1010 0.01257 1 293.7 1.67 124 0.1169 0.00899 1
2018 239 291.3 1.48 144 0.0867 0.00588 1 292.3 1.42 128 0.0811 0.01653 1
2018 240 284.1 1.46 125 0.0353 0.00553 1 285.2 1.71 141 0.0421 0.00718 1
2018 241 283.5 1.54 140 0.0368 0.00684 1 287.3 1.55 131 0.0388 0.00432 1
2018 242 287.4 1.07 129 0.0510 0.00612 1 290.0 1.38 119 0.0481 0.00911 1
2018 243 288.1 1.38 153 0.0798 0.01876 1 292.3 1.46 132 0.1206 0.02327 1
2018 244 287.7 1.49 135 0.0628 0.02033 1 288.4 1.92 123 0.0700 0.02569 1
2018 245 287.6 1.17 140 0.0266 0.01049 1 287.1 1.71 131 0.0496 0.00701 1
2018 246 287.8 1.65 130 0.0354 0.00458 0 289.3 1.81 125 0.0591 0.02016 0
2018 247 283.1 1.45 125 0.1706 0.01736 0 282.4 1.22 135 0.1256 0.02372 0
2018 248 283.2 1.61 115 0.1047 0.02680 0 282.2 2.27  45 0.1481 0.00000 0
2018 249 286.4 1.32  68 0.1147 0.01512 0 290.6 1.53 130 0.0534 0.01754 1
2018 250 296.4 1.78 133 0.0316 0.00331 1 296.9 1.91 120 0.0313 0.00320 0
2018 251 296.2 1.71  99 0.0303 0.00335 1 293.5 2.01 150 0.0328 0.00312 1
2018 252 286.4 1.95 155 0.0233 0.00205 1 289.7 2.05 124 0.0262 0.00094 0
2018 253 289.3 1.29 160 0.0277 0.00287 1 289.3 1.13  94 0.0280 0.00210 1
2018 254 288.6 2.02 150 0.0334 0.00737 1 290.1 1.70 145 0.0472 0.00584 1
2018 255 281.9 1.35  70 0.0887 0.01520 0 280.8 2.24  15 NaN NaN 0
2018 256 270.9 2.96  15 0.1979 0.00000 0 273.1 2.10  15 0.1208 0.00000 0
2018 257 270.3 1.48  90 0.1299 0.03068 0 271.8 1.91  41 0.1406 0.01519 0
2018 259 278.3 1.61 165 0.0220 0.00840 1 282.4 1.57 142 0.0236 0.00129 1
2018 260 281.8 1.72 161 0.0252 0.00592 1 282.0 1.97 147 0.0305 0.00585 1
2018 261 284.0 1.46 165 0.0252 0.00586 1 281.7 1.76 140 0.0411 0.00488 1
2018 262 274.7 1.40 110 0.0285 0.01346 1 273.7 1.11  95 0.0818 0.01104 0
2018 263 275.5 1.94 155 0.0832 0.01645 0 277.4 1.52 145 0.0575 0.01559 0
2018 264 278.0 1.92 165 0.0245 0.00420 1 277.8 1.80 150 0.0244 0.00153 1
2018 265 277.3 1.86 168 0.0451 0.00683 1 277.9 1.93 152 0.0569 0.00987 1
2018 266 275.7 1.64 175 0.1466 0.01146 0 276.7 1.43 142 0.1518 0.00673 0
2018 267 275.2 2.04 165 0.1437 0.00623 0 276.0 1.31  75 0.1551 0.00468 0
2018 268 278.0 1.89 180 0.1079 0.00539 1 277.7 2.23 160 0.1125 0.00364 1
2018 269 276.8 1.88 180 0.0707 0.00773 1 277.1 1.77 160 0.0880 0.00590 0
2018 270 281.0 1.89 180 0.0548 0.00512 0 279.4 2.83 165 0.0567 0.00408 0
2018 271 286.3 2.22 155 0.0664 0.02439 0 288.2 1.74 179 0.0720 0.01113 0
2018 272 293.7 1.57 175 0.0454 0.01384 0 291.5 2.28 169 0.0508 0.00643 0
2018 273 291.0 1.91 170 0.0317 0.00703 0 290.8 2.03 173 0.0462 0.01211 0
2018 274 283.7 1.30 155 0.0278 0.01364 0 283.5 1.77 153 0.0822 0.01646 0
2018 275 280.9 1.56 179 0.0435 0.00834 0 281.4 1.90 174 0.0580 0.01251 0
2018 276 283.0 1.57 185 0.0310 0.00686 1 280.0 2.07 164 0.0306 0.00202 1
2018 277 285.3 2.60 120 0.0354 0.00442 0 283.8 2.66 146 0.0803 0.00333 0
2018 279 276.3 2.04 140 0.0257 0.01081 0 270.6 2.75  75 0.0494 0.01096 0
2018 282 286.7 1.50 180 0.0116 0.00392 0 285.9 1.39 138 0.0118 0.00191 0
2018 283 274.3 2.11  10 NaN NaN 0 275.6 2.21  40 0.0149 0.00718 0
2018 284 282.7 1.13 180 0.0124 0.00436 0 281.3 1.87 145 0.0213 0.00545 0
2018 285 276.6 1.23 170 0.0140 0.00258 1 274.0 2.31 159 0.0164 0.00136 1
2018 286 263.8 1.39 162 0.0193 0.01148 1 259.5 2.40 154 0.0246 0.00903 1
2018 287 252.5 1.25 155 0.0379 0.02009 0 251.5 1.60 150 0.0213 0.00353 0
2018 288 247.4 1.32 170 0.0361 0.02522 1 247.1 1.40 170 0.0620 0.01400 1
2018 289 251.5 1.08 110 0.0206 0.00822 1 NaN NaN NaN 0.0227 0.00388 1
2018 293  NaN NaN NaN 0.0113 0.00728 0 282.5 1.73  15 0.0286 0.00605 0
2018 294 281.6 1.16 105 0.0101 0.00264 0 277.3 1.41  20 NaN NaN 0
2018 296 254.9 1.33  81 0.0098 0.00282 0 255.6 1.93  29 0.0263 0.00123 0
2018 297 261.6 1.46  35 0.0370 0.00775 0 NaN NaN NaN NaN NaN 0
2018 298  NaN NaN NaN NaN NaN 0 274.5 1.02  10 0.0733 0.00000 0
2018 299 277.1 1.10 100 0.0267 0.00778 0 NaN NaN NaN NaN NaN 0
2018 300 281.6 0.95  30 0.0213 0.00169 0 NaN NaN NaN NaN NaN 0
2018 302 288.5 2.59 150 0.0391 0.00688 0 291.9 2.59 155 0.0294 0.00784 0
2018 303 291.7 1.52 171 0.0106 0.00267 0 290.4 1.62 114 0.0171 0.00559 0
2018 304 289.8 1.57 170 0.0100 0.00322 1 286.6 2.11 150 0.0134 0.00114 1
2018 305 279.3 1.23 105 0.0117 0.00286 0 275.9 1.26  87 0.0144 0.00109 0
2018 306  NaN NaN NaN 0.0138 0.00426 1 271.6 1.28  85 0.0173 0.00191 1
2018 307 270.9 1.29 164 0.0135 0.00273 1 270.1 1.36 154 0.0158 0.00108 1
2018 308 270.9 2.65 174 0.0139 0.00289 1 271.8 2.14 147 0.0149 0.00139 1
2018 309 270.3 1.10 185 0.0239 0.01001 1 270.3 1.26 125 0.0185 0.00123 0
2018 310 266.4 1.58 177 0.0113 0.00247 1 266.3 1.41 154 0.0134 0.00098 1
2018 311 261.2 1.39 181 0.0114 0.00346 1 261.0 1.30 148 0.0148 0.00173 1
2018 312 256.6 1.14 180 0.0134 0.00313 1 255.6 1.49 136 0.0159 0.00106 1
2018 313 254.6 1.67 179 0.0143 0.00246 1 253.2 1.79 155 0.0161 0.00104 1
2018 314 251.5 1.15  36 0.0118 0.00259 1 252.9 1.12 163 0.0143 0.00068 1
2018 315 256.3 1.40 180 0.0122 0.00228 1 256.4 1.34 148 0.0162 0.00111 0
2018 318 266.1 1.64 149 0.0113 0.00177 0 269.5 1.88  65 0.0133 0.00074 0
2018 319 275.5 1.28   5 NaN NaN 0 289.8 2.02   8 0.0186 0.00170 0
2018 320 253.1 1.61 141 0.0364 0.01266 0 248.6 1.97 173 0.0149 0.00115 0
2018 324 245.4 1.38  61 0.0125 0.00099 1 242.3 1.67 157 0.0186 0.00282 0
2018 325 237.4 1.36 151 0.0607 0.02377 0 235.6 1.43  50 NaN NaN 0
2018 329 246.4 1.64 165 0.0269 0.00543 1 241.9 1.54 165 0.0302 0.00756 1
2018 330 241.1 1.41 120 0.0351 0.01722 0 246.6 2.83 100 0.0257 0.00489 0
2018 331 246.0 1.03 170 0.0134 0.00215 0 244.9 1.36 165 0.0188 0.00383 0
2018 332 240.0 0.94  55 0.0128 0.00217 1 238.5 1.39 160 0.0149 0.00059 1
2018 333 247.3 1.67 165 0.0196 0.00692 0 249.0 1.16 165 0.0257 0.01103 0
2018 334 247.4 1.47 155 0.0154 0.00381 0 247.8 1.26 160 0.0191 0.00158 0
2018 335 249.1 1.38 170 0.0150 0.00755 0 248.9 1.38 164 0.0207 0.00275 0
2018 336 246.0 1.26 160 0.0144 0.00201 1 246.5 1.58 163 0.0161 0.00082 1
2018 337 247.8 1.22 170 0.0119 0.00187 1 247.8 1.28 161 0.0135 0.00090 1
2018 338 246.2 1.20 170 0.0101 0.00171 1 246.6 1.25 160 0.0159 0.01323 0
2018 339 251.1 1.62 165 0.0130 0.00179 1 252.8 1.43 155 0.0165 0.00494 0
2018 340 255.1 1.52 140 0.0225 0.00411 0 254.9 1.75 143 NaN NaN 0
2018 341 253.3 1.52 164 NaN NaN 0 256.0 1.19 169 0.0193 0.00170 0
2018 342 246.3 1.56 170 0.0363 0.00343 1 245.0 1.13 156 0.0402 0.00185 1
2018 343 244.6 2.32 160 0.0518 0.01132 0 244.5 1.25 151 0.0768 0.01485 0
2018 344 240.6 1.65 170 0.0755 0.00900 1 242.5 1.21 155 0.0829 0.00891 1
2018 345 252.3 1.93 170 0.0502 0.00158 1 254.1 1.60 154 0.0488 0.00267 1
2018 346 251.2 1.25 165 0.0161 0.00215 1 247.6 2.40 152 0.0154 0.00085 1
2018 347 240.8 1.18 170 0.0182 0.00261 1 239.7 1.57 147 0.0199 0.00090 1
2018 348 236.1 1.79 140 0.0132 0.00217 1 237.4 1.18 151 0.0153 0.00080 1
2018 349 245.1 1.88 170 0.0140 0.00137 1 245.9 1.67 151 0.0151 0.00088 1
2018 350 238.5 1.09 170 0.0147 0.00137 1 237.4 1.60 160 0.0162 0.00061 1
2018 351 241.0 1.67 150 0.0172 0.00461 1 242.0 1.23 153 0.0325 0.00707 1
2018 352 254.7 2.95 120 0.0178 0.00234 1 259.4 1.52 153 0.0223 0.00344 1
2018 353 256.9 1.87 100 0.0202 0.01493 0 259.5 1.55 133 0.0168 0.00177 1
2018 354 247.7 1.50 150 0.0144 0.00194 1 244.6 1.82 159 0.0159 0.00107 1
2018 355 232.4 3.53 170 0.0137 0.00217 1 236.0 1.58 151 0.0182 0.00143 1
2018 356 229.3 1.93 170 0.0122 0.00203 1 229.1 1.40 151 0.0143 0.00116 1
2018 357 228.3 1.49 140 0.0106 0.00165 0 226.0 1.15  85 NaN NaN 0
2018 358  NaN NaN NaN NaN NaN 0 258.7 5.38 113 0.0290 0.00226 0
2018 359 243.4 1.34 170 0.0361 0.00901 1 244.7 1.38 147 0.0509 0.00646 1
2018 360 256.1 2.20  96 0.0228 0.00260 1 260.2 2.01 139 0.0226 0.00122 1
2018 361 279.8 1.37 160 0.0210 0.01942 0 275.7 1.46 153 0.0197 0.00258 0
2018 362 269.3 2.11  53 0.0120 0.00113 1 273.0 1.38 158 0.0137 0.00093 1
2018 363 271.9 1.10 170 0.0100 0.00128 0 272.3 1.17 153 0.0118 0.00086 0
2018 364 277.1 1.45 165 0.0252 0.01362 0 277.6 1.54  87 0.0284 0.01654 0
2019 001 255.4 1.79 120 0.0236 0.01527 0 252.1 2.09 135 0.0206 0.00747 0
2019 002 241.9 1.69 165 0.0113 0.00111 1 240.8 1.25 155 0.0143 0.00131 1
2019 003 248.1 1.63 165 0.0163 0.01353 0 250.3 1.23 156 0.0152 0.00271 0
2019 004 249.3 1.53 165 0.0367 0.01252 0 249.6 1.33 157 0.0336 0.01372 0
2019 005 254.2 2.45 155 NaN NaN 0 260.5 2.02 150 0.3463 0.26326 0
2019 006 252.1 1.25 170 0.0206 0.00432 1 254.4 2.06 159 0.0275 0.00746 1
2019 007 270.7 1.52 140 0.0233 0.00464 0 268.3 1.71 121 0.0215 0.00162 0
2019 008 274.1 2.45 115 0.1185 0.00000 0 270.2 2.18 135 NaN NaN 0
2019 009 274.6 2.06 170 0.0314 0.01080 0 278.1 2.50 163 0.0284 0.00243 1
2019 010 262.3 2.25 155 0.0148 0.00040 1 255.6 1.95 162 0.0162 0.00174 1
2019 011 254.2 1.13 170 0.0128 0.00191 1 256.4 2.63 160 0.0166 0.00192 1
2019 012 255.0 3.47 170 0.0115 0.00162 1 265.9 2.29 150 0.0186 0.00219 0
2019 013 259.2 3.94 165 0.0143 0.00177 1 265.1 2.79 165 0.0218 0.00295 1
2019 014 260.0 3.59 150 0.0286 0.01252 1 257.8 2.09 170 0.0497 0.00972 0
2019 015 244.5 1.13  85 0.0116 0.00343 1 248.0 1.88 165 0.0216 0.00432 1
2019 016 249.5 1.23 160 0.0179 0.01194 0 250.4 1.49  30 0.0176 0.00044 0
2019 018 245.4 1.67  60 NaN NaN 0 242.2 1.65 134 0.0095 0.00150 0
2019 019 240.8 1.26 175 0.0069 0.00148 1 238.9 1.49 153 0.0101 0.00099 1
2019 020 244.7 1.29 170 0.0104 0.00266 0 246.3 1.26  90 0.0117 0.00118 0
2019 021 246.6 2.31 156 0.0077 0.00166 0 253.5 3.31 126 0.0103 0.00155 0
2019 022 258.1 1.28 166 0.0085 0.00164 0 260.8 1.47 166 0.0109 0.00112 0
2019 023 271.3 3.98 172 0.0098 0.00182 0 284.4 2.59 168 0.0136 0.00103 0
2019 024 272.1 1.41  81 0.0130 0.00103 0 269.1 2.10 171 0.0149 0.00121 0
2019 025 243.4 1.08 169 0.0064 0.00127 1 241.4 1.66 179 0.0107 0.00198 1
2019 026 246.1 1.51 144 0.0084 0.00253 0 244.6 1.27 127 0.0168 0.00542 0
2019 027 255.9 1.33 177 0.0110 0.00178 1 253.7 1.72 166 0.0125 0.00111 1
2019 028 250.4 1.60 168 0.0104 0.00259 0 254.0 1.65 178 0.0113 0.00111 0
2019 029 260.6 1.97 164 0.0242 0.01519 0 258.0 2.89 169 0.0226 0.00921 0
2019 030 262.5 2.40 175 0.0172 0.01440 1 270.0 2.94 163 0.0155 0.00157 1
2019 031 248.2 1.73 172 0.0193 0.01278 1 252.7 1.85 162 0.0153 0.00118 1
2019 032 270.6 1.69 164 0.0146 0.00420 0 267.5 2.79  51 0.0144 0.00039 0
2019 033 274.4 1.93 184 0.0133 0.00179 1 269.2 8.36 150 0.0149 0.00089 1
2019 034 272.4 1.78 169 0.0136 0.00119 1 269.7 7.38 150 0.0162 0.00069 1
2019 035 242.4 1.45 172 0.0095 0.00212 1 244.7 1.32 148 0.0203 0.00390 1
2019 036 244.6 1.82 175 0.0203 0.00711 1 243.6 1.88  65 0.0171 0.00358 1
2019 037 244.7 1.05 143 0.0109 0.00251 1 246.9 2.03 147 0.0164 0.00142 1
2019 038 269.3 7.73 179 0.0164 0.00444 1 286.2 7.39 170 0.0295 0.00285 1
2019 039 304.0 3.10  85 0.0120 0.00197 1 303.5 2.10 155 0.0183 0.00218 1
2019 040 278.4 1.69 158 0.0122 0.00260 1 282.4 2.24 157 0.0184 0.00108 1
2019 041 270.7 1.74 110 0.0097 0.00111 1 266.5 2.24 160 0.0117 0.00099 1
2019 042 268.9 3.58 175 0.0545 0.02538 0 272.5 3.86 160 0.0437 0.00733 0
2019 043 254.3 1.42 185 0.0471 0.01561 0 254.6 1.32 163 0.0737 0.00496 0
2019 044 254.2 1.20 175 0.0379 0.00412 1 251.6 1.59 171 0.0500 0.00858 1
2019 045 261.7 4.99 175 0.0445 0.00452 1 267.8 2.76 155 0.0388 0.00362 0
2019 048 265.8 2.85 173 0.0372 0.00619 0 261.6 1.35 147 0.0366 0.00525 0
2019 049 287.8 6.10  25 0.0128 0.00000 0 284.6 3.44 119 0.0165 0.00149 0
2019 050 275.2 3.09 160 0.0127 0.00213 1 277.3 1.71 130 0.0163 0.00213 0
2019 051 285.7 1.40 115 0.0194 0.00646 1 285.5 2.11 175 0.0206 0.00560 1
2019 052 253.5 1.77 180 0.0247 0.01660 1 248.3 3.58 157 0.0141 0.00169 1
2019 053 243.2 2.35 175 0.0238 0.01175 1 247.9 1.37 165 0.0314 0.00830 1
2019 054 254.5 4.42 170 0.0442 0.01074 1 264.7 1.44 160 0.0389 0.01082 0
2019 055 261.3 1.80 185 0.0278 0.01012 1 258.0 3.32 145 0.0325 0.00486 1
2019 056 252.1 2.03 175 0.0142 0.00466 1 255.0 1.41 173 0.0311 0.00406 1
2019 057 272.4 2.63 166 0.0325 0.00632 0 289.1 5.99 174 0.0638 0.00749 0
2019 058 297.7 3.91 167 0.0370 0.01206 1 283.4 4.08 160 0.0288 0.00500 1
2019 059 257.1 2.08 178 0.0285 0.01242 0 255.0 1.97 157 0.0456 0.01300 0
2019 060 245.0 1.46 175 0.0203 0.00359 1 246.6 1.69 165 0.0250 0.00147 1
2019 061 247.4 2.25 175 0.0262 0.00367 0 251.5 1.53 173 0.0278 0.00265 0
2019 062 254.2 2.75 175 0.0141 0.00236 1 251.5 1.69 142 0.0156 0.00162 1
2019 063 248.0 1.41 186 0.0157 0.00310 1 248.3 1.61 149 0.0186 0.00092 1
2019 064 245.3 1.45 168 0.0125 0.00541 1 243.0 2.07 142 0.0219 0.01099 0
2019 066 273.4 1.84 185 0.0205 0.00139 1 268.3 3.32 165 0.0201 0.00211 1
2019 067 258.5 1.71 150 0.0115 0.00363 0 258.3 2.73 181 0.0155 0.00178 1
2019 068 254.9 2.33 174 0.0108 0.00316 1 252.4 2.29 154 0.0142 0.00186 1
2019 069 249.2 1.95 185 0.0237 0.01213 1 251.1 1.45 164 0.0396 0.00647 1
2019 070 252.3 1.98 185 0.0291 0.00662 1 253.9 1.79 147 0.0337 0.00677 1
2019 071 257.1 2.05 186 0.0135 0.00403 1 258.6 2.31 164 0.0185 0.00280 1
2019 072 265.0 2.70 192 0.0152 0.00468 1 269.0 1.90 160 0.0309 0.00420 1
2019 074 275.1 2.20 190 0.0509 0.01798 1 274.1 1.75 175 0.0759 0.00402 1
2019 075 273.9 1.75 181 0.0464 0.00984 1 275.0 1.81 114 0.0645 0.00624 1
2019 076 266.2 1.60 192 0.0202 0.01258 0 268.3 1.67 160 0.0353 0.00551 0
2019 077 290.1 3.72 170 0.0274 0.00552 1 291.9 3.57 155 0.0278 0.00328 1
2019 078 288.9 1.23 105 0.0223 0.00157 1 291.9 1.84 145 0.0196 0.00136 1
2019 079 282.0 1.49  95 0.0253 0.01009 0 284.5 2.33 157 0.0291 0.00723 0
2019 080 284.7 2.30 135 0.0341 0.00665 0 286.8 1.80 159 0.0344 0.00201 0
2019 081 300.3 2.47  74 NaN NaN 0 312.8 4.29 150 0.0846 0.00808 0
2019 082 300.9 6.80 170 0.0298 0.00406 1 299.4 4.20 135 0.0267 0.00567 1
2019 083 294.0 5.36 145 0.0341 0.00617 0 298.2 1.92 118 0.0253 0.00273 0
2019 098 296.0 2.52 150 0.0282 0.00215 1 297.3 2.63 134 0.0317 0.00129 1
2019 099 300.9 5.13 147 0.0393 0.00319 0 314.1 2.06 144 0.0442 0.00236 0
2019 100 311.3 4.23 115 0.0475 0.00384 1 320.6 2.05 135 0.0499 0.00226 1
2019 101 324.3 2.04 125 0.0397 0.01451 0 329.9 1.84 137 0.0404 0.00621 0
2019 102 313.2 1.30  93 0.0277 0.00268 1 296.8 3.56 123 0.0289 0.00252 1
2019 105 302.2 2.41 100 0.1038 0.01287 0 313.5 1.85 105 0.0798 0.00616 0
2019 106 314.0 5.75  95 0.0802 0.00526 0 327.1 2.20  72 0.0742 0.01124 1
2019 107 333.8 4.18  98 0.0363 0.00842 0 328.1 1.34  67 0.0390 0.01256 0
2019 108 299.8 3.29 146 0.0307 0.00710 0 299.6 1.37 132 0.0337 0.00442 1
2019 109 298.4 1.66 147 0.0227 0.00384 1 300.7 1.52 143 0.0268 0.00205 1
2019 110 303.5 2.42 140 0.0516 0.00565 1 296.1 1.82 138 0.0618 0.00464 1
2019 111 318.0 2.42 148 0.1021 0.01051 0 332.7 1.65 143 0.0915 0.00690 1
2019 112 351.1 4.23 135 0.0973 0.00213 0 340.2 4.16 143 0.0968 0.00631 1
2019 113 320.7 1.31  95 0.0206 0.00167 0 314.9 2.58 135 0.0317 0.00438 0
2019 114 317.1 3.15  40 0.0328 0.00442 1 341.7 3.80 130 0.0363 0.00144 1
2019 115 349.8 1.46 120 0.0403 0.01518 0 355.5 3.22 135 0.0513 0.01321 0
2019 116 343.7 1.65 130 0.0443 0.01190 1 334.5 5.86 115 0.0367 0.00125 1
2019 117 310.0 2.19 115 0.0307 0.00245 1 301.5 1.91 134 0.0336 0.00238 1
2019 118 289.1 1.34 135 0.0498 0.00882 0 289.7 1.61 134 0.0572 0.01174 0
2019 119 293.8 1.44 130 0.0421 0.00955 1 294.8 1.56 133 0.0648 0.01111 0
2019 120 299.3 2.24 144 0.0608 0.01138 1 303.4 1.82 122 0.0818 0.00900 1
2019 121 310.0 1.64 140 0.0613 0.00538 1 321.7 1.73 135 0.0574 0.00796 1
2019 122 316.2 1.79 139 0.0383 0.00409 1 317.8 2.41 140 0.0418 0.00182 1
2019 123 315.6 3.13 126 0.0467 0.00798 1 326.3 1.69 130 0.0652 0.00212 1
2019 124 314.6 2.34 139 0.0432 0.00455 1 307.0 1.63 120 0.0457 0.00304 1
2019 125 301.6 1.55 120 0.0421 0.00498 1 309.1 1.55 120 0.0452 0.00420 1
2019 126 303.5 2.22 125 0.0417 0.00506 1 309.8 1.37 130 0.0444 0.00421 1
2019 127 312.0 1.88 120 0.0409 0.00464 1 317.2 2.86 125 0.0506 0.00113 1
2019 128 311.0 1.44 125 0.0295 0.00287 1 310.4 1.43 136 0.0315 0.00206 1
2019 129 297.4 1.44 125 0.0300 0.00591 1 300.9 1.80 120 0.0421 0.00361 1
2019 130 299.9 1.88 130 0.0296 0.00716 1 304.9 1.64 135 0.0407 0.00257 1
2019 131 298.2 1.73 125 0.0455 0.02642 0 298.7 1.47 130 0.0471 0.01150 0
2019 132 297.3 1.59 125 0.0562 0.00874 0 302.7 1.88 135 0.0711 0.01593 0
2019 133 294.5 1.44 120 0.0315 0.00709 1 292.5 1.56 140 0.0445 0.00570 1
2019 134 296.1 2.45 125 0.0300 0.00511 1 307.2 1.48 135 0.0324 0.00101 1
2019 135 308.6 1.71 115 0.0270 0.00359 1 313.5 2.39 115 0.0357 0.01130 0
2019 136 316.5 1.31 130 0.0295 0.00563 0 315.2 1.58 131 0.0269 0.00322 0
2019 137 323.0 1.27 125 0.0274 0.00363 1 323.5 1.64 130 0.0307 0.00261 1
2019 138 335.7 3.98 135 0.0621 0.00509 0 327.8 2.54 141 0.0712 0.00697 1
2019 139 294.8 1.51 125 0.0483 0.00975 1 297.1 1.87 119 0.0246 0.00423 1
2019 140 291.7 1.60 125 0.0225 0.00442 1 293.8 1.57 136 0.0289 0.00111 1
2019 141 295.1 2.17 135 0.0228 0.00257 0 311.2 1.96  90 0.0303 0.00578 0
2019 142 318.8 1.44 100 0.0244 0.00343 1 316.0 3.10 139 0.0277 0.00412 1
2019 143 312.0 1.43 144 0.0297 0.00353 1 315.0 1.30 137 0.0465 0.00824 1
2019 144 317.4 1.55 139 0.0518 0.00211 1 310.5 2.51 119 0.0600 0.00229 1
2019 145 314.2 1.29 139 0.0393 0.00669 1 312.4 1.69 125 0.0350 0.00570 1
2019 146 307.3 2.31 144 0.0249 0.00348 1 303.3 1.85 130 0.0307 0.00189 1
2019 147 308.5 1.75 144 0.0433 0.01753 0 319.3 1.93 125 0.0866 0.02176 0
2019 148 318.9 1.31 140 0.0334 0.00331 1 311.2 3.86 125 0.0328 0.00384 1
2019 149 305.8 1.43 128 0.0239 0.00375 1 313.1 1.64 125 0.0347 0.00422 1
2019 150 313.3 2.32 143 0.0253 0.00343 1 312.7 1.65 120 0.0293 0.00146 1
2019 151 313.8 1.49 115 0.0386 0.00929 0 320.3 1.68 130 0.0445 0.00669 1
2019 152 314.7 2.21 127 0.1229 0.00949 0 324.7 1.68 127 0.0909 0.01356 1
2019 153 322.5 1.56 140 0.0906 0.02092 0 322.2 1.48 125 0.1162 0.01298 0
2019 154 320.0 1.57 141 0.1411 0.01110 0 323.1 2.43 137 0.1435 0.01482 0
2019 155 305.8 2.18 132 0.0637 0.00749 1 304.1 2.09 131 0.0656 0.01806 1
2019 156 302.6 0.87  33 0.0518 0.04992 1 NaN NaN NaN 0.1303 0.04581 0
2019 157 313.1 2.06 138 0.1288 0.02510 1 308.5 1.98 142 0.0939 0.02122 1
