Diaj,ETC0,ND3,ND4,ETC0_cfg2,ND3_cfg2,ND4_cfg2
736331,1569.14795971988,15.3006132235025,NaN,1572.55807820462,14.1229221454953,NaN
736331.5,1595.32356874994,8.18760850682816,NaN,1595.32356874994,8.18760850682816,NaN
736332,1550.35874025828,18.1151389424278,NaN,1552.64731606163,17.8960633397846,NaN
736332.5,1592.73715402904,8.94862906118715,NaN,1592.73715402904,8.94862906118715,NaN
736333,1572.89436681071,16.3701155298163,NaN,1575.19373224023,15.3602250766814,NaN
736333.5,1581.90743659504,13.7926428552373,NaN,1581.90743659504,13.7926428552373,NaN
736336,1560.10945558363,12.0110795441683,NaN,1562.2504376265,11.6632321003783,NaN
736336.5,NaN,NaN,NaN,NaN,NaN,NaN
736337,1600.29107580426,2.72524979616674,NaN,1601.84988977138,2.06889258936599,NaN
736337.5,NaN,NaN,NaN,NaN,NaN,NaN
736338,NaN,NaN,NaN,NaN,NaN,NaN
736338.5,1574.60420020649,7.65995206700813,NaN,1574.60420020649,7.65995206700813,NaN
736339,1522.78612126645,14.0815495718148,NaN,1525.65321507985,13.6383212665062,NaN
736339.5,1592.01707431022,-7.11723932136215,NaN,1592.01707431022,-7.11723932136215,NaN
736340,1602.43982272798,-9.09664983597509,NaN,1604.24432783105,-9.43498270758255,NaN
736340.5,NaN,NaN,NaN,NaN,NaN,NaN
736341,NaN,NaN,NaN,NaN,NaN,NaN
736341.5,1577.71307448473,11.0797164766877,NaN,1577.71307448473,11.0797164766877,NaN
736363,NaN,NaN,NaN,NaN,NaN,NaN
736363.5,1570.57012438128,4.44106289314914,NaN,1570.57012438128,4.44106289314914,NaN
736364,NaN,NaN,NaN,NaN,NaN,NaN
736364.5,1622.1755991461,NaN,NaN,1622.1755991461,NaN,NaN
736367,1556.18698326933,15.6616850494102,NaN,1557.7804000729,15.214706769669,NaN
736367.5,1584.03177811534,4.55019282161152,NaN,1584.03177811534,4.55019282161152,NaN
736368,1604.28899156395,NaN,NaN,1605.54459925422,NaN,NaN
736368.5,NaN,NaN,NaN,NaN,NaN,NaN
736370,NaN,NaN,NaN,NaN,NaN,NaN
736370.5,1550.40667934395,8.27121138499433,NaN,1550.40667934395,8.27121138499433,NaN
736372,1541.25134839444,19.6431549288386,NaN,1542.7733521272,19.5247329030587,NaN
736372.5,NaN,NaN,NaN,NaN,NaN,NaN
736375,1566.24431445422,10.5183497248172,NaN,1568.83963134439,9.81070294499546,NaN
736375.5,NaN,NaN,NaN,NaN,NaN,NaN
736377,1546.30266804404,8.26347894106857,NaN,1548.29379594055,8.22330320484684,NaN
736377.5,NaN,NaN,NaN,NaN,NaN,NaN
736384,NaN,NaN,NaN,NaN,NaN,NaN
736384.5,1557.1321753149,3.16713772736693,NaN,1557.1321753149,3.16713772736693,NaN
736385,NaN,NaN,NaN,NaN,NaN,NaN
736385.5,1567.42527453759,15.4474479996595,NaN,1567.42527453759,15.4474479996595,NaN
736386,NaN,NaN,NaN,NaN,NaN,NaN
736386.5,1554.77647164595,17.3717553085671,NaN,1554.77647164595,17.3717553085671,NaN
736387,NaN,NaN,NaN,NaN,NaN,NaN
736387.5,1585.70315878908,3.97230931300783,NaN,1585.70315878908,3.97230931300783,NaN
736390,1541.60486424118,7.02002254914964,NaN,1546.58939852834,5.71128917449232,NaN
736390.5,NaN,NaN,NaN,NaN,NaN,NaN
736392,1526.34118028426,25.0579588019018,NaN,1528.61597009787,25.0574951799331,NaN
736392.5,1551.70570439434,14.6801186423822,NaN,1551.70570439434,14.6801186423822,NaN
736393,1540.03577265297,21.188717728824,NaN,1543.29583208784,20.1339552234581,NaN
736393.5,NaN,NaN,NaN,NaN,NaN,NaN
736396,1519.12952992424,20.5897903355165,NaN,1521.8192482769,20.4841306765732,NaN
736396.5,NaN,NaN,NaN,NaN,NaN,NaN
736400,NaN,NaN,NaN,NaN,NaN,NaN
736400.5,NaN,NaN,NaN,NaN,NaN,NaN
736405,1576.4120075786,10.7759295579874,NaN,1579.61038450779,10.2512210272398,NaN
736405.5,NaN,NaN,NaN,NaN,NaN,NaN
736406,NaN,NaN,NaN,NaN,NaN,NaN
736406.5,1570.02987425304,10.9801491233095,NaN,1570.02987425304,10.9801491233095,NaN
736408,NaN,NaN,NaN,NaN,NaN,NaN
736408.5,1559.23938537925,9.77933747855536,NaN,1559.23938537925,9.77933747855536,NaN
736411,1528.57686360325,32.9018401971123,NaN,1529.5287915378,33.475036685189,NaN
736411.5,NaN,NaN,NaN,NaN,NaN,NaN
736413,NaN,NaN,NaN,NaN,NaN,NaN
736413.5,1559.27327718646,4.42773964437538,NaN,1559.27327718646,4.42773964437538,NaN
736414,1581.96128463817,-1.96284238348039,NaN,1587.83828065532,-3.47118256178351,NaN
736414.5,NaN,NaN,NaN,NaN,NaN,NaN
736417,1546.89771129774,4.97276155628765,NaN,1552.71973448095,2.96040975329583,NaN
736417.5,1563.50193419964,18.0582087284006,NaN,1563.50193419964,18.0582087284006,NaN
736421,NaN,NaN,NaN,NaN,NaN,NaN
736421.5,1586.74547354906,-1.73108591147707,NaN,1586.74547354906,-1.73108591147707,NaN
736423,NaN,NaN,NaN,NaN,NaN,NaN
736423.5,1542.05680707702,12.3563801371736,NaN,1542.05680707702,12.3563801371736,NaN
736424,1530.66216883117,20.3171453477617,NaN,1534.60146609401,19.0441741904174,NaN
736424.5,NaN,NaN,NaN,NaN,NaN,NaN
736426,NaN,NaN,NaN,NaN,NaN,NaN
736426.5,1547.61342305725,11.7295488197883,NaN,1547.61342305725,11.7295488197883,NaN
736427,NaN,NaN,NaN,NaN,NaN,NaN
736427.5,1565.98424565804,0.296237752128263,NaN,1565.98424565804,0.296237752128263,NaN
736429,1581.38786764216,4.33258937340224,NaN,1586.03036054224,2.42346787564156,NaN
736429.5,1555.01832954447,15.2519757821481,NaN,1555.01832954447,15.2519757821481,NaN
736430,NaN,NaN,NaN,NaN,NaN,NaN
736430.5,1539.39299146046,14.2536159368922,NaN,1539.39299146046,14.2536159368922,NaN
736431,NaN,NaN,NaN,NaN,NaN,NaN
736431.5,1532.71053909653,17.2951370712201,NaN,1532.71053909653,17.2951370712201,NaN
736438,NaN,NaN,NaN,NaN,NaN,NaN
736438.5,1549.18041215357,12.0382891253698,NaN,1549.18041215357,12.0382891253698,NaN
736440,1581.46304915373,1.80687307609082,NaN,1583.05452308403,2.30165563039054,NaN
736440.5,NaN,NaN,NaN,NaN,NaN,NaN
736442,1572.08914350888,7.06210580692118,NaN,1574.63916897923,6.98205267975413,NaN
736442.5,NaN,NaN,NaN,NaN,NaN,NaN
736446,NaN,NaN,NaN,NaN,NaN,NaN
736446.5,1543.01249445089,9.30325536816417,NaN,1543.01249445089,9.30325536816417,NaN
736449,1559.49069812463,6.65371153843876,NaN,1562.85199382395,5.67806423370052,NaN
736449.5,1557.25634559483,14.4220142729512,NaN,1557.25634559483,14.4220142729512,NaN
736450,NaN,NaN,NaN,NaN,NaN,NaN
736450.5,1566.30951380269,11.3531744241643,NaN,1566.30951380269,11.3531744241643,NaN
736452,1571.21774988315,8.45623909990513,NaN,1572.90248679911,7.77775276847501,NaN
736452.5,1542.25066611579,8.11528965616617,NaN,1542.25066611579,8.11528965616617,NaN
736453,1520.62978092595,18.9924154548132,NaN,1526.0731268693,18.1660488997527,NaN
736453.5,NaN,NaN,NaN,NaN,NaN,NaN
736454,1565.508688104,7.83128208731591,NaN,1569.58346795297,6.76167489363229,NaN
736454.5,NaN,NaN,NaN,NaN,NaN,NaN
736464,NaN,NaN,NaN,NaN,NaN,NaN
736464.5,1573.4897938411,3.03979898989246,NaN,1573.4897938411,3.03979898989246,NaN
736467,NaN,NaN,NaN,NaN,NaN,NaN
736467.5,1556.75129595662,4.20468466036959,NaN,1556.75129595662,4.20468466036959,NaN
736468,NaN,NaN,NaN,NaN,NaN,NaN
736468.5,1552.84611221521,18.3702888737607,NaN,1552.84611221521,18.3702888737607,NaN
736469,NaN,NaN,NaN,NaN,NaN,NaN
736469.5,1567.89056130484,4.15112657586224,NaN,1567.89056130484,4.15112657586224,NaN
736470,1554.71232273399,14.0114932103779,NaN,1557.53352272327,13.2826789285086,NaN
736470.5,NaN,NaN,NaN,NaN,NaN,NaN
736472,1566.33599166088,10.7197675112436,NaN,1570.29427447415,9.52464664323884,NaN
736472.5,1563.42868969843,10.160446142809,NaN,1563.42868969843,10.160446142809,NaN
736474,NaN,NaN,NaN,NaN,NaN,NaN
736474.5,1565.10887004808,9.7931379781121,NaN,1565.10887004808,9.7931379781121,NaN
736476,1595.00352740108,7.36004355483578,NaN,1597.78921046538,6.59687750965122,NaN
736476.5,1531.84995948003,21.7156082070946,NaN,1531.84995948003,21.7156082070946,NaN
736477,NaN,NaN,NaN,NaN,NaN,NaN
736477.5,1543.71227696568,21.052830667094,NaN,1543.71227696568,21.052830667094,NaN
736479,1559.64618629561,17.0509263989898,NaN,1561.55550671384,16.8923379186151,NaN
736479.5,1547.97383342066,19.6210356380757,NaN,1547.97383342066,19.6210356380757,NaN
736480,NaN,NaN,NaN,NaN,NaN,NaN
736480.5,1566.79837778665,12.8519970905893,NaN,1566.79837778665,12.8519970905893,NaN
736482,1562.61255122461,9.32106979968535,NaN,1564.4223417528,8.99768061620421,NaN
736482.5,1540.77171994057,11.0148304131155,NaN,1540.77171994057,11.0148304131155,NaN
736483,1562.70884375822,11.5924645976024,NaN,1564.44724967645,11.8684537609022,NaN
736483.5,NaN,NaN,NaN,NaN,NaN,NaN
736486,NaN,NaN,NaN,NaN,NaN,NaN
736486.5,1552.42830832945,8.62412000757399,NaN,1552.42830832945,8.62412000757399,NaN
736487,1586.48946117372,3.22485087717973,NaN,1590.74817264125,1.80309507399033,NaN
736487.5,1561.75382477471,7.19621784306332,NaN,1561.75382477471,7.19621784306332,NaN
736488,1554.75272283844,14.536341221009,NaN,1555.07617631903,14.7382317632321,NaN
736488.5,1557.1346273821,13.1394858367673,NaN,1557.1346273821,13.1394858367673,NaN
736489,1573.79495393697,10.7492764789552,NaN,1574.17504595427,11.6896096440914,NaN
736489.5,1562.07964843828,10.8896359982059,NaN,1562.07964843828,10.8896359982059,NaN
736490,NaN,NaN,NaN,NaN,NaN,NaN
736490.5,1535.22819617576,33.8499116720936,NaN,1535.22819617576,33.8499116720936,NaN
736491,NaN,NaN,NaN,NaN,NaN,NaN
736491.5,1543.57396282061,8.29893477993164,NaN,1543.57396282061,8.29893477993164,NaN
736493,NaN,NaN,NaN,NaN,NaN,NaN
736493.5,1576.4886609943,8.09031802760114,NaN,1576.4886609943,8.09031802760114,NaN
736494,NaN,NaN,NaN,NaN,NaN,NaN
736494.5,1572.92085683998,6.61259914470838,NaN,1572.92085683998,6.61259914470838,NaN
736496,NaN,NaN,NaN,NaN,NaN,NaN
736496.5,NaN,NaN,NaN,NaN,NaN,NaN
736498,1599.56979036354,-10.8336541489105,NaN,1606.74062288154,-14.7762717143028,NaN
736498.5,NaN,NaN,NaN,NaN,NaN,NaN
736500,NaN,NaN,NaN,NaN,NaN,NaN
736500.5,1559.23708262736,21.7759704041052,NaN,1559.23708262736,21.7759704041052,NaN
736501,1592.72044432745,8.75647457871264,NaN,1596.46686365669,8.49096881125729,NaN
736501.5,NaN,NaN,NaN,NaN,NaN,NaN
736504,NaN,NaN,NaN,NaN,NaN,NaN
736504.5,1554.4951485319,17.8705564005381,NaN,1554.4951485319,17.8705564005381,NaN
736509,1546.50032087632,7.37122073152318,NaN,1548.48344024471,7.0450044318427,NaN
736509.5,NaN,NaN,NaN,NaN,NaN,NaN
736512,NaN,NaN,NaN,NaN,NaN,NaN
736512.5,1625.63100952903,NaN,NaN,1625.63100952903,NaN,NaN
736526,1583.927033744,7.85039649837245,NaN,1583.927033744,7.85039649837245,NaN
736526.5,1570.95309613551,14.8138503200257,NaN,1570.95309613551,14.8138503200257,NaN
736528,NaN,NaN,NaN,NaN,NaN,NaN
736528.5,1570.3130002851,15.9230050879478,NaN,1570.3130002851,15.9230050879478,NaN
736534,1567.83749432692,12.0026412266886,NaN,1567.83749432692,12.0026412266886,NaN
736534.5,NaN,NaN,NaN,NaN,NaN,NaN
736538,NaN,NaN,NaN,NaN,NaN,NaN
736538.5,1586.37390789098,7.38176473440126,NaN,1586.37390789098,7.38176473440126,NaN
736540,1565.67199714999,15.9779395687158,NaN,1565.67199714999,15.9779395687158,NaN
736540.5,NaN,NaN,NaN,NaN,NaN,NaN
736541,1573.79055507066,9.50192713577417,NaN,1573.79055507066,9.50192713577417,NaN
736541.5,NaN,NaN,NaN,NaN,NaN,NaN
736544,1584.20529442873,6.91337212144981,NaN,1584.20529442873,6.91337212144981,NaN
736544.5,1568.82520883506,13.4991855732305,NaN,1568.82520883506,13.4991855732305,NaN
736550,1560.50299364712,17.7389079553602,NaN,1560.50299364712,17.7389079553602,NaN
736550.5,NaN,NaN,NaN,NaN,NaN,NaN
736551,NaN,NaN,NaN,NaN,NaN,NaN
736551.5,1568.64769629027,10.4807622299493,NaN,1568.64769629027,10.4807622299493,NaN
736554,NaN,NaN,NaN,NaN,NaN,NaN
736554.5,1573.04988706595,11.4429254146901,NaN,1573.04988706595,11.4429254146901,NaN
736555,NaN,NaN,NaN,NaN,NaN,NaN
736555.5,1573.34402647434,11.745886776378,NaN,1573.34402647434,11.745886776378,NaN
736556,NaN,NaN,NaN,NaN,NaN,NaN
736556.5,1571.89903932405,11.5033951599983,NaN,1571.89903932405,11.5033951599983,NaN
736558,1574.89878204645,14.2322624679564,NaN,1574.89878204645,14.2322624679564,NaN
736558.5,NaN,NaN,NaN,NaN,NaN,NaN
736560,1564.75600260897,11.5286639207573,NaN,1564.75600260897,11.5286639207573,NaN
736560.5,1576.50612591427,10.4813122212197,NaN,1576.50612591427,10.4813122212197,NaN
736561,NaN,NaN,NaN,NaN,NaN,NaN
736561.5,1571.46205848578,15.316745826254,NaN,1571.46205848578,15.316745826254,NaN
736562,NaN,NaN,NaN,NaN,NaN,NaN
736562.5,1560.88721554343,21.8139765520432,NaN,1560.88721554343,21.8139765520432,NaN
736566,1568.42006759205,15.5463308571759,NaN,1568.42006759205,15.5463308571759,NaN
736566.5,1568.2175019282,5.32503474647365,NaN,1568.2175019282,5.32503474647365,NaN
736570,1573.5260745705,3.74448752245212,NaN,1573.5260745705,3.74448752245212,NaN
736570.5,NaN,NaN,NaN,NaN,NaN,NaN
736573,NaN,NaN,NaN,NaN,NaN,NaN
736573.5,1538.87709105059,23.8593359121992,NaN,1538.87709105059,23.8593359121992,NaN
736574,NaN,NaN,NaN,NaN,NaN,NaN
736574.5,1566.63131514391,16.871431320393,NaN,1566.63131514391,16.871431320393,NaN
736575,1580.10654504082,6.5925249169868,NaN,1580.10654504082,6.5925249169868,NaN
736575.5,NaN,NaN,NaN,NaN,NaN,NaN
736576,1524.03445172531,29.1547174533525,NaN,1524.03445172531,29.1547174533525,NaN
736576.5,1566.53762136303,13.0749005300129,NaN,1566.53762136303,13.0749005300129,NaN
736578,NaN,NaN,NaN,NaN,NaN,NaN
736578.5,1604.60811621759,2.91085743757799,NaN,1604.60811621759,2.91085743757799,NaN
736579,1578.36008658031,8.71857805065179,NaN,1578.36008658031,8.71857805065179,NaN
736579.5,1584.23489164132,-1.19990049353237,NaN,1584.23489164132,-1.19990049353237,NaN
736581,1559.15458242216,13.0300419818777,NaN,1559.15458242216,13.0300419818777,NaN
736581.5,NaN,NaN,NaN,NaN,NaN,NaN
736582,1577.64909554765,11.355514220505,NaN,1577.64909554765,11.355514220505,NaN
736582.5,1579.82533198106,11.2207063489652,NaN,1579.82533198106,11.2207063489652,NaN
736583,NaN,NaN,NaN,NaN,NaN,NaN
736583.5,1561.56754928546,17.5023537061536,NaN,1561.56754928546,17.5023537061536,NaN
736584,NaN,NaN,NaN,NaN,NaN,NaN
736584.5,1570.53249467207,5.4095286512736,NaN,1570.53249467207,5.4095286512736,NaN
736586,1590.8314912186,2.59668742880558,NaN,1590.8314912186,2.59668742880558,NaN
736586.5,1587.59027683641,6.81980231339958,NaN,1587.59027683641,6.81980231339958,NaN
736587,1587.69809460332,14.4714192365773,NaN,1587.69809460332,14.4714192365773,NaN
736587.5,1564.01172608849,17.3410042418957,NaN,1564.01172608849,17.3410042418957,NaN
736588,1572.29774472919,13.3897047532491,NaN,1572.29774472919,13.3897047532491,NaN
736588.5,NaN,NaN,NaN,NaN,NaN,NaN
736591,1583.76548539671,11.2501148093645,NaN,1583.76548539671,11.2501148093645,NaN
736591.5,NaN,NaN,NaN,NaN,NaN,NaN
736592,NaN,NaN,NaN,NaN,NaN,NaN
736592.5,1572.0229884677,9.93500334745636,NaN,1572.0229884677,9.93500334745636,NaN
736593,NaN,NaN,NaN,NaN,NaN,NaN
736593.5,1568.33079108073,17.0357146629792,NaN,1568.33079108073,17.0357146629792,NaN
736594,1556.22593469544,15.0043489665438,NaN,1556.22593469544,15.0043489665438,NaN
736594.5,1575.11530991021,13.7979536968558,NaN,1575.11530991021,13.7979536968558,NaN
736595,1579.99251619039,9.61504012568457,NaN,1579.99251619039,9.61504012568457,NaN
736595.5,1561.85061369472,14.7861443611146,NaN,1561.85061369472,14.7861443611146,NaN
736596,NaN,NaN,NaN,NaN,NaN,NaN
736596.5,1570.66515928258,22.2975998151046,NaN,1570.66515928258,22.2975998151046,NaN
736597,NaN,NaN,NaN,NaN,NaN,NaN
736597.5,1576.44043091946,15.2753347890871,NaN,1576.44043091946,15.2753347890871,NaN
736598,NaN,NaN,NaN,NaN,NaN,NaN
736598.5,NaN,NaN,NaN,NaN,NaN,NaN
736600,NaN,NaN,NaN,NaN,NaN,NaN
736600.5,1559.15026996185,20.7140292161835,NaN,1559.15026996185,20.7140292161835,NaN
736601,NaN,NaN,NaN,NaN,NaN,NaN
736601.5,1570.23554273267,21.3207695308677,NaN,1570.23554273267,21.3207695308677,NaN
736606,NaN,NaN,NaN,NaN,NaN,NaN
736606.5,1573.98934346815,11.9399074822609,NaN,1573.98934346815,11.9399074822609,NaN
736607,NaN,NaN,NaN,NaN,NaN,NaN
736607.5,NaN,NaN,NaN,NaN,NaN,NaN
736608,1567.96880535755,16.6444270778595,NaN,1567.96880535755,16.6444270778595,NaN
736608.5,1561.91033381127,15.9769183595192,NaN,1561.91033381127,15.9769183595192,NaN
736609,1552.04552753662,16.5277453293133,NaN,1552.04552753662,16.5277453293133,NaN
736609.5,NaN,NaN,NaN,NaN,NaN,NaN
736610,1588.0194838977,6.92008932402837,NaN,1588.0194838977,6.92008932402837,NaN
736610.5,NaN,NaN,NaN,NaN,NaN,NaN
736612,1588.9989848806,6.8891916886264,NaN,1588.9989848806,6.8891916886264,NaN
736612.5,NaN,NaN,NaN,NaN,NaN,NaN
736613,1575.32529922461,6.75925686270057,NaN,1575.32529922461,6.75925686270057,NaN
736613.5,NaN,NaN,NaN,NaN,NaN,NaN
736614,NaN,NaN,NaN,NaN,NaN,NaN
736614.5,1588.87055792555,9.02493924426381,NaN,1588.87055792555,9.02493924426381,NaN
736615,1581.95769506634,10.9580583373372,NaN,1581.95769506634,10.9580583373372,NaN
736615.5,NaN,NaN,NaN,NaN,NaN,NaN
736617,NaN,NaN,NaN,NaN,NaN,NaN
736617.5,1534.17839899179,19.487898746873,NaN,1534.17839899179,19.487898746873,NaN
736620,1549.1345429854,12.1745252642684,NaN,1549.1345429854,12.1745252642684,NaN
736620.5,NaN,NaN,NaN,NaN,NaN,NaN
736622,1561.11509795933,13.377339318979,NaN,1561.11509795933,13.377339318979,NaN
736622.5,1594.48052904313,2.2986247482404,NaN,1594.48052904313,2.2986247482404,NaN
736623,1566.26987051326,16.4493318215239,NaN,1566.26987051326,16.4493318215239,NaN
736623.5,1617.57284068875,1.65981941335258,NaN,1617.57284068875,1.65981941335258,NaN
736624,1593.06220447709,15.8199461220411,NaN,1593.06220447709,15.8199461220411,NaN
736624.5,NaN,NaN,NaN,NaN,NaN,NaN
736626,1579.08222205142,21.6915174346348,NaN,1579.08222205142,21.6915174346348,NaN
736626.5,NaN,NaN,NaN,NaN,NaN,NaN
736628,1585.26687255077,5.97666076125506,NaN,1585.26687255077,5.97666076125506,NaN
736628.5,NaN,NaN,NaN,NaN,NaN,NaN
736630,1506.06332112336,25.2379810084165,NaN,1506.06332112336,25.2379810084165,NaN
736630.5,NaN,NaN,NaN,NaN,NaN,NaN
736631,1567.27684266233,4.58712048002531,NaN,1567.27684266233,4.58712048002531,NaN
736631.5,1582.8654422661,13.5703261532976,NaN,1582.8654422661,13.5703261532976,NaN
736632,NaN,NaN,NaN,NaN,NaN,NaN
736632.5,NaN,NaN,NaN,NaN,NaN,NaN
736633,1576.42692992764,17.6565978257413,NaN,1576.42692992764,17.6565978257413,NaN
736633.5,1593.63037203086,11.598626865911,NaN,1593.63037203086,11.598626865911,NaN
736634,NaN,NaN,NaN,NaN,NaN,NaN
736634.5,1554.55666962552,16.8009877672573,NaN,1554.55666962552,16.8009877672573,NaN
736635,1581.55808628413,11.8233272028651,NaN,1581.55808628413,11.8233272028651,NaN
736635.5,1562.18878423999,NaN,NaN,1562.18878423999,NaN,NaN
736636,NaN,NaN,NaN,NaN,NaN,NaN
736636.5,1583.05603447844,11.2626161865694,NaN,1583.05603447844,11.2626161865694,NaN
736638,1594.35934700633,NaN,NaN,1594.35934700633,NaN,NaN
736638.5,NaN,NaN,NaN,NaN,NaN,NaN
736639,1569.46967645634,12.6910050182537,NaN,1569.46967645634,12.6910050182537,NaN
736639.5,NaN,NaN,NaN,NaN,NaN,NaN
736640,1587.81971300742,17.7403045859623,NaN,1587.81971300742,17.7403045859623,NaN
736640.5,NaN,NaN,NaN,NaN,NaN,NaN
736642,1573.33837096791,17.3277153884003,NaN,1573.33837096791,17.3277153884003,NaN
736642.5,NaN,NaN,NaN,NaN,NaN,NaN
736643,NaN,NaN,NaN,NaN,NaN,NaN
736643.5,1560.23797931658,14.4603740479215,NaN,1560.23797931658,14.4603740479215,NaN
736644,1510.38868900654,29.5826662541504,NaN,1510.38868900654,29.5826662541504,NaN
736644.5,1579.33066586182,9.10521369160369,NaN,1579.33066586182,9.10521369160369,NaN
736645,1548.19801715968,10.203194510997,NaN,1548.19801715968,10.203194510997,NaN
736645.5,NaN,NaN,NaN,NaN,NaN,NaN
736646,NaN,NaN,NaN,NaN,NaN,NaN
736646.5,1583.91050872491,9.73196996657225,NaN,1583.91050872491,9.73196996657225,NaN
736647,NaN,NaN,NaN,NaN,NaN,NaN
736647.5,1583.60579985333,13.1234412156614,NaN,1583.60579985333,13.1234412156614,NaN
736649,1566.68289271295,9.81113370736034,NaN,1566.68289271295,9.81113370736034,NaN
736649.5,NaN,NaN,NaN,NaN,NaN,NaN
736651,1546.4785284056,18.1548821635174,NaN,1546.4785284056,18.1548821635174,NaN
736651.5,NaN,NaN,NaN,NaN,NaN,NaN
736652,1567.27033809122,12.5056571853986,NaN,1567.27033809122,12.5056571853986,NaN
736652.5,NaN,NaN,NaN,NaN,NaN,NaN
736659,1507.06473216437,23.5385743282104,NaN,1507.06473216437,23.5385743282104,NaN
736659.5,NaN,NaN,NaN,NaN,NaN,NaN
736661,1534.99911162361,22.0375951668368,NaN,1534.99911162361,22.0375951668368,NaN
736661.5,NaN,NaN,NaN,NaN,NaN,NaN
736662,1584.3066224834,6.97281584276493,NaN,1584.3066224834,6.97281584276493,NaN
736662.5,NaN,NaN,NaN,NaN,NaN,NaN
736663,1578.37252657745,14.6244756473379,NaN,1578.37252657745,14.6244756473379,NaN
736663.5,1518.25963461051,NaN,NaN,1518.25963461051,NaN,NaN
736664,1554.74880243692,10.7106010873761,NaN,1554.74880243692,10.7106010873761,NaN
736664.5,NaN,NaN,NaN,NaN,NaN,NaN
736670,1576.71093546156,11.6475703900094,NaN,1576.71093546156,11.6475703900094,NaN
736670.5,NaN,NaN,NaN,NaN,NaN,NaN
736671,NaN,NaN,NaN,NaN,NaN,NaN
736671.5,1595.48150846445,8.47713597052598,NaN,1595.48150846445,8.47713597052598,NaN
736673,NaN,NaN,NaN,NaN,NaN,NaN
736673.5,1547.12702780551,NaN,NaN,1547.12702780551,NaN,NaN
736675,1524.59561876503,16.2458583416319,NaN,1524.59561876503,16.2458583416319,NaN
736675.5,NaN,NaN,NaN,NaN,NaN,NaN
736676,1506.79407538395,34.7468977816056,NaN,1506.79407538395,34.7468977816056,NaN
736676.5,NaN,NaN,NaN,NaN,NaN,NaN
736677,NaN,NaN,NaN,NaN,NaN,NaN
736677.5,1551.2254294978,16.6043058476725,NaN,1551.2254294978,16.6043058476725,NaN
736680,1580.81701918076,14.3378921671695,NaN,1580.81701918076,14.3378921671695,NaN
736680.5,1565.75298360777,22.1242800837369,NaN,1565.75298360777,22.1242800837369,NaN
736691,NaN,NaN,NaN,NaN,NaN,NaN
736691.5,1547.32909013396,17.8921337461798,NaN,1547.32909013396,17.8921337461798,NaN
736692,NaN,NaN,NaN,NaN,NaN,NaN
736692.5,1536.90064533282,15.1791375125722,NaN,1536.90064533282,15.1791375125722,NaN
736701,1549.07290624577,16.1892610484256,NaN,1549.07290624577,16.1892610484256,NaN
736701.5,1585.74937598335,-8.35178939089133,NaN,1585.74937598335,-8.35178939089133,NaN
736704,1568.50994779441,17.537498670463,NaN,1568.50994779441,17.537498670463,NaN
736704.5,NaN,NaN,NaN,NaN,NaN,NaN
736706,NaN,NaN,NaN,NaN,NaN,NaN
736706.5,1594.66443837381,12.0221435322355,NaN,1594.66443837381,12.0221435322355,NaN
736707,1561.47203967626,NaN,NaN,1561.47203967626,NaN,NaN
736707.5,NaN,NaN,NaN,NaN,NaN,NaN
736708,NaN,NaN,NaN,NaN,NaN,NaN
736708.5,1548.79809431651,15.2628515246422,NaN,1548.79809431651,15.2628515246422,NaN
736709,1556.64377313931,18.2401117588281,NaN,1556.64377313931,18.2401117588281,NaN
736709.5,1604.54017465192,3.02975797959289,NaN,1604.54017465192,3.02975797959289,NaN
736710,1559.67489177081,10.3710749625818,NaN,1559.67489177081,10.3710749625818,NaN
736710.5,NaN,NaN,NaN,NaN,NaN,NaN
736711,1571.35632278295,15.8908051816961,NaN,1571.35632278295,15.8908051816961,NaN
736711.5,1564.5785530217,10.6420507409568,NaN,1564.5785530217,10.6420507409568,NaN
736712,NaN,NaN,NaN,NaN,NaN,NaN
736712.5,1588.9151820785,-8.29500747663815,NaN,1588.9151820785,-8.29500747663815,NaN
736714,NaN,NaN,NaN,NaN,NaN,NaN
736714.5,1581.30209121322,5.38391408448661,NaN,1581.30209121322,5.38391408448661,NaN
736718,NaN,NaN,NaN,NaN,NaN,NaN
736718.5,1567.34998908828,6.74907392875866,NaN,1567.34998908828,6.74907392875866,NaN
736719,1577.95167182379,8.15634354436929,NaN,1577.95167182379,8.15634354436929,NaN
736719.5,1580.93297048641,11.3582929410713,NaN,1580.93297048641,11.3582929410713,NaN
736720,NaN,NaN,NaN,NaN,NaN,NaN
736720.5,1564.79520384551,11.7820935123971,NaN,1564.79520384551,11.7820935123971,NaN
736722,1551.40175972279,25.8507068398214,NaN,1551.40175972279,25.8507068398214,NaN
736722.5,NaN,NaN,NaN,NaN,NaN,NaN
736723,1523.81311209758,21.5896528489495,NaN,1523.81311209758,21.5896528489495,NaN
736723.5,NaN,NaN,NaN,NaN,NaN,NaN
736724,1533.74802732366,27.28547261524,NaN,1533.74802732366,27.28547261524,NaN
736724.5,NaN,NaN,NaN,NaN,NaN,NaN
736725,1546.74165876033,NaN,NaN,1546.74165876033,NaN,NaN
736725.5,NaN,NaN,NaN,NaN,NaN,NaN
736742,NaN,NaN,NaN,NaN,NaN,NaN
736742.5,1557.90416761498,14.1365452674049,NaN,1557.90416761498,14.1365452674049,NaN
736743,NaN,NaN,NaN,NaN,NaN,NaN
736743.5,1600.67774842369,7.04411553182717,NaN,1600.67774842369,7.04411553182717,NaN
736745,NaN,NaN,NaN,NaN,NaN,NaN
736745.5,1604.01286444529,0.939929932862924,NaN,1604.01286444529,0.939929932862924,NaN
736746,1573.45579117856,NaN,NaN,1573.45579117856,NaN,NaN
736746.5,NaN,NaN,NaN,NaN,NaN,NaN
736748,1544.29575155555,19.8571120290374,NaN,1544.29575155555,19.8571120290374,NaN
736748.5,NaN,NaN,NaN,NaN,NaN,NaN
736750,1555.1478770321,2.2263251740153,NaN,1555.1478770321,2.2263251740153,NaN
736750.5,NaN,NaN,NaN,NaN,NaN,NaN
736751,1593.48684412834,1.61148153039403,NaN,1593.48684412834,1.61148153039403,NaN
736751.5,NaN,NaN,NaN,NaN,NaN,NaN
736752,1524.96177855317,23.991713099108,NaN,1524.96177855317,23.991713099108,NaN
736752.5,NaN,NaN,NaN,NaN,NaN,NaN
736753,NaN,NaN,NaN,NaN,NaN,NaN
736753.5,1593.87424249569,3.63935582992394,NaN,1593.87424249569,3.63935582992394,NaN
736754,NaN,NaN,NaN,NaN,NaN,NaN
736754.5,1548.83666653005,24.543950163127,NaN,1548.83666653005,24.543950163127,NaN
736756,1586.96851912631,6.59126318031804,NaN,1586.96851912631,6.59126318031804,NaN
736756.5,1579.41472017903,14.43172911845,NaN,1579.41472017903,14.43172911845,NaN
736757,NaN,NaN,NaN,NaN,NaN,NaN
736757.5,1559.73982479687,6.7106658283767,NaN,1559.73982479687,6.7106658283767,NaN
736759,1569.83231427664,14.3499076161659,NaN,1569.83231427664,14.3499076161659,NaN
736759.5,NaN,NaN,NaN,NaN,NaN,NaN
736777,1611.73490295235,-9.25681636395007,NaN,1611.73490295235,-9.25681636395007,NaN
736777.5,NaN,NaN,NaN,NaN,NaN,NaN
736781,1603.52953787133,-17.0290464666907,NaN,1603.52953787133,-17.0290464666907,NaN
736781.5,NaN,NaN,NaN,NaN,NaN,NaN
736782,NaN,NaN,NaN,NaN,NaN,NaN
736782.5,1593.67046969166,-18.1225538464357,NaN,1593.67046969166,-18.1225538464357,NaN
736784,NaN,NaN,NaN,NaN,NaN,NaN
736784.5,1588.73661099958,-14.3500932293061,NaN,1588.73661099958,-14.3500932293061,NaN
736785,1610.73242882109,-16.6086379760391,-23.5337722865029,1610.73242882109,-16.6086379760391,-23.5337722865029
736785.5,1604.00725525591,-16.6077169604687,-27.8143260038053,1604.00725525591,-16.6077169604687,-27.8143260038053
736789,1587.72624016469,-15.5030008837725,-12.989944643208,1587.72624016469,-15.5030008837725,-12.989944643208
736789.5,NaN,NaN,NaN,NaN,NaN,NaN
736799,NaN,NaN,NaN,NaN,NaN,NaN
736799.5,1593.80843362464,-18.2048664321987,-25.4456049294624,1593.80843362464,-18.2048664321987,-25.4456049294624
736801,1627.97126187412,-15.3677905048582,NaN,1627.97126187412,-15.3677905048582,NaN
736801.5,NaN,NaN,NaN,NaN,NaN,NaN
736802,NaN,NaN,NaN,NaN,NaN,NaN
736802.5,1626.21698187582,-25.5963366639544,-27.0969350700698,1626.21698187582,-25.5963366639544,-27.0969350700698
736809,1583.40256290534,-8.73988626584446,-10.6062370465452,1583.40256290534,-8.73988626584446,-10.6062370465452
736809.5,NaN,NaN,NaN,NaN,NaN,NaN
736811,1646.67154454567,-32.7359474753609,NaN,1646.67154454567,-32.7359474753609,NaN
736811.5,NaN,NaN,NaN,NaN,NaN,NaN
736816,NaN,NaN,NaN,NaN,NaN,NaN
736816.5,1602.25838726193,-25.5049118106251,-17.6701822511156,1602.25838726193,-25.5049118106251,-17.6701822511156
736817,NaN,NaN,NaN,NaN,NaN,NaN
736817.5,1606.79785087432,-20.5512551325676,-32.3390632283299,1606.79785087432,-20.5512551325676,-32.3390632283299
736820,1595.57840385258,-7.6105111308741,-16.2573898996823,1595.57840385258,-7.6105111308741,-16.2573898996823
736820.5,NaN,NaN,NaN,NaN,NaN,NaN
736822,NaN,NaN,NaN,NaN,NaN,NaN
736822.5,1611.1710997736,-30.8662960581723,-31.397177462823,1611.1710997736,-30.8662960581723,-31.397177462823
736829,NaN,NaN,NaN,NaN,NaN,NaN
736829.5,1602.98099478464,-13.8656062053767,-21.8178029740282,1602.98099478464,-13.8656062053767,-21.8178029740282
736834,NaN,NaN,NaN,NaN,NaN,NaN
736834.5,1593.88260079308,-18.6803367093416,-19.2381475710565,1593.88260079308,-18.6803367093416,-19.2381475710565
736837,1594.83981922259,-15.3995826709611,-9.96886199374239,1594.83981922259,-15.3995826709611,-9.96886199374239
736837.5,NaN,NaN,NaN,NaN,NaN,NaN
736839,1578.85144789445,-18.9710564405491,NaN,1578.85144789445,-18.9710564405491,NaN
736839.5,NaN,NaN,NaN,NaN,NaN,NaN
736854,1598.10685626885,-9.57034388000102,NaN,1598.10685626885,-9.57034388000102,NaN
736854.5,NaN,NaN,NaN,NaN,NaN,NaN
736861,1576.82559619855,-8.33093129015037,NaN,1576.82559619855,-8.33093129015037,NaN
736861.5,NaN,NaN,NaN,NaN,NaN,NaN
736863,1601.45607683515,-16.8550759866162,-15.6684355904281,1601.45607683515,-16.8550759866162,-15.6684355904281
736863.5,NaN,NaN,NaN,NaN,NaN,NaN
736870,1594.92948444636,-11.6709434694417,NaN,1594.92948444636,-11.6709434694417,NaN
736870.5,NaN,NaN,NaN,NaN,NaN,NaN
736877,1590.36373411101,-11.7098161045253,-14.1809416468627,1590.36373411101,-11.7098161045253,-14.1809416468627
736877.5,NaN,NaN,NaN,NaN,NaN,NaN
736887,1580.5287878215,-6.0787948071511,-10.5781124606947,1580.5287878215,-6.0787948071511,-10.5781124606947
736887.5,NaN,NaN,NaN,NaN,NaN,NaN
736889,1585.68591874252,-14.2554817022256,NaN,1585.68591874252,-14.2554817022256,NaN
736889.5,NaN,NaN,NaN,NaN,NaN,NaN
736890,1580.33213572918,-12.511722764021,NaN,1580.33213572918,-12.511722764021,NaN
736890.5,1586.35889201575,-9.01626725176129,NaN,1586.35889201575,-9.01626725176129,NaN
736892,NaN,NaN,NaN,NaN,NaN,NaN
736892.5,1599.99197891641,-14.4116991666504,NaN,1599.99197891641,-14.4116991666504,NaN
736894,1545.5549171716,7.5230189312872,NaN,1545.5549171716,7.5230189312872,NaN
736894.5,1591.87874467133,-11.2494734874538,NaN,1591.87874467133,-11.2494734874538,NaN
736896,NaN,NaN,NaN,NaN,NaN,NaN
736896.5,1595.22782853095,-12.9530422317937,-13.7017098534391,1595.22782853095,-12.9530422317937,-13.7017098534391
736898,1594.21876756137,-17.3020876447411,-21.4142647938891,1594.21876756137,-17.3020876447411,-21.4142647938891
736898.5,1569.56218487943,-5.22116822243584,-2.37264939654528,1569.56218487943,-5.22116822243584,-2.37264939654528
736900,NaN,NaN,NaN,NaN,NaN,NaN
736900.5,1591.92983793711,-13.45937056151,NaN,1591.92983793711,-13.45937056151,NaN
736901,1592.54992380418,-16.1320843859619,NaN,1592.54992380418,-16.1320843859619,NaN
736901.5,NaN,NaN,NaN,NaN,NaN,NaN
736902,1598.98928468637,-17.1700582098972,NaN,1598.98928468637,-17.1700582098972,NaN
736902.5,1592.15495572277,-14.8594374250829,NaN,1592.15495572277,-14.8594374250829,NaN
736904,1612.13208413557,-21.1656573605294,NaN,1612.13208413557,-21.1656573605294,NaN
736904.5,NaN,NaN,NaN,NaN,NaN,NaN
736907,NaN,NaN,NaN,NaN,NaN,NaN
736907.5,1565.51523817588,1.53432208259437,-0.185966375079715,1565.51523817588,1.53432208259437,-0.185966375079715
736909,1584.85545435494,-12.6815988715921,-17.1937423280872,1584.85545435494,-12.6815988715921,-17.1937423280872
736909.5,NaN,NaN,NaN,NaN,NaN,NaN
736910,1589.09376831685,-13.3208864051157,-15.688757042456,1589.09376831685,-13.3208864051157,-15.688757042456
736910.5,NaN,NaN,NaN,NaN,NaN,NaN
736911,1579.46571735575,-12.7082056082957,-10.6257800361448,1579.46571735575,-12.7082056082957,-10.6257800361448
736911.5,NaN,NaN,NaN,NaN,NaN,NaN
736913,1582.96150241573,-12.6381783882989,-14.194647087262,1582.96150241573,-12.6381783882989,-14.194647087262
736913.5,NaN,NaN,NaN,NaN,NaN,NaN
736915,1593.57579930056,-12.7689692221982,NaN,1593.57579930056,-12.7689692221982,NaN
736915.5,NaN,NaN,NaN,NaN,NaN,NaN
736916,1595.34321427406,-19.1110750185749,NaN,1595.34321427406,-19.1110750185749,NaN
736916.5,1586.56584437897,-14.5971194114993,NaN,1586.56584437897,-14.5971194114993,NaN
736917,1589.62834325483,-15.7593312299994,NaN,1589.62834325483,-15.7593312299994,NaN
736917.5,1585.0460599894,-12.9163010309819,NaN,1585.0460599894,-12.9163010309819,NaN
736918,NaN,NaN,NaN,NaN,NaN,NaN
736918.5,1585.72683966955,-10.5454151468493,-16.327281176438,1585.72683966955,-10.5454151468493,-16.327281176438
736919,1596.07316617021,-14.4768679423057,-19.9706101889778,1596.07316617021,-14.4768679423057,-19.9706101889778
736919.5,NaN,NaN,NaN,NaN,NaN,NaN
736920,1589.7617856431,-9.01853808067995,-15.4859388853531,1589.7617856431,-9.01853808067995,-15.4859388853531
736920.5,1589.93577123702,-18.6798904195507,-20.1645581423502,1589.93577123702,-18.6798904195507,-20.1645581423502
736922,1598.70501290678,-20.3585471931228,-24.409696957764,1598.70501290678,-20.3585471931228,-24.409696957764
736922.5,1586.15464106871,-9.53725731034956,-14.0885726116474,1586.15464106871,-9.53725731034956,-14.0885726116474
736924,1599.77470013629,-20.376870598956,-26.8516591413907,1599.77470013629,-20.376870598956,-26.8516591413907
736924.5,NaN,NaN,NaN,NaN,NaN,NaN
736925,1586.10482874285,-12.1181687403259,-16.3120313730124,1586.10482874285,-12.1181687403259,-16.3120313730124
736925.5,1603.66095044748,-25.9204321117247,-31.9554818562001,1603.66095044748,-25.9204321117247,-31.9554818562001
736927,1604.31985308377,-17.0047820511763,NaN,1604.31985308377,-17.0047820511763,NaN
736927.5,NaN,NaN,NaN,NaN,NaN,NaN
736928,NaN,NaN,NaN,NaN,NaN,NaN
736928.5,1614.00604958094,-19.003935985817,NaN,1614.00604958094,-19.003935985817,NaN
736929,NaN,NaN,NaN,NaN,NaN,NaN
736929.5,1589.75644836022,-11.5287864071295,NaN,1589.75644836022,-11.5287864071295,NaN
736930,NaN,NaN,NaN,NaN,NaN,NaN
736930.5,1591.63633497348,-19.8191533048675,NaN,1591.63633497348,-19.8191533048675,NaN
736932,NaN,NaN,NaN,NaN,NaN,NaN
736932.5,1580.53838680852,NaN,NaN,1580.53838680852,NaN,NaN
736933,1597.50892219875,-20.7461761763343,NaN,1597.50892219875,-20.7461761763343,NaN
736933.5,NaN,NaN,NaN,NaN,NaN,NaN
736935,1604.53244137127,-17.8295323332616,-27.6209097277049,1604.53244137127,-17.8295323332616,-27.6209097277049
736935.5,NaN,NaN,NaN,NaN,NaN,NaN
736936,1604.0543110764,-17.4251617427117,-18.3540092344965,1604.0543110764,-17.4251617427117,-18.3540092344965
736936.5,NaN,NaN,NaN,NaN,NaN,NaN
736938,NaN,NaN,NaN,NaN,NaN,NaN
736938.5,1598.51269485874,-17.4325001903239,-21.768350306309,1598.51269485874,-17.4325001903239,-21.768350306309
736941,NaN,NaN,NaN,NaN,NaN,NaN
736941.5,1601.01640551203,-15.1198337441222,NaN,1601.01640551203,-15.1198337441222,NaN
736942,1589.02884782081,-5.33811628682815,NaN,1589.02884782081,-5.33811628682815,NaN
736942.5,NaN,NaN,NaN,NaN,NaN,NaN
736946,1617.64867244464,-27.4922242072987,NaN,1617.64867244464,-27.4922242072987,NaN
736946.5,NaN,NaN,NaN,NaN,NaN,NaN
736948,1589.19104605792,-17.5470214457243,-13.3535210948878,1589.19104605792,-17.5470214457243,-13.3535210948878
736948.5,NaN,NaN,NaN,NaN,NaN,NaN
736950,1605.3011830944,-20.7355791699133,-28.9901197846962,1605.3011830944,-20.7355791699133,-28.9901197846962
736950.5,NaN,NaN,NaN,NaN,NaN,NaN
736953,NaN,NaN,NaN,NaN,NaN,NaN
736953.5,1593.51886720727,-15.4920934539061,NaN,1593.51886720727,-15.4920934539061,NaN
736955,NaN,NaN,NaN,NaN,NaN,NaN
736955.5,1585.34157693729,-9.65702277296486,NaN,1585.34157693729,-9.65702277296486,NaN
736956,1599.95573742275,-14.106884138738,NaN,1599.95573742275,-14.106884138738,NaN
736956.5,NaN,NaN,NaN,NaN,NaN,NaN
736957,1589.60096171097,-13.5791634353018,NaN,1589.60096171097,-13.5791634353018,NaN
736957.5,NaN,NaN,NaN,NaN,NaN,NaN
736959,1597.57068037887,-8.81007659983152,-15.9717814743587,1597.57068037887,-8.81007659983152,-15.9717814743587
736959.5,NaN,NaN,NaN,NaN,NaN,NaN
736963,1578.01319192641,-2.34475111475399,NaN,1578.01319192641,-2.34475111475399,NaN
736963.5,NaN,NaN,NaN,NaN,NaN,NaN
736964,1582.57019473539,-9.02726311117749,NaN,1582.57019473539,-9.02726311117749,NaN
736964.5,NaN,NaN,NaN,NaN,NaN,NaN
736965,1601.99271661609,-17.3954579243816,NaN,1601.99271661609,-17.3954579243816,NaN
736965.5,1595.56307980998,-17.2230505109685,NaN,1595.56307980998,-17.2230505109685,NaN
736966,1602.43188088707,-18.3310406517955,-25.8018738937735,1602.43188088707,-18.3310406517955,-25.8018738937735
736966.5,NaN,NaN,NaN,NaN,NaN,NaN
736971,1593.14404345063,-15.3619930181899,-16.520111355145,1593.14404345063,-15.3619930181899,-16.520111355145
736971.5,1582.81137368855,-7.82588382664767,-7.14255938646238,1582.81137368855,-7.82588382664767,-7.14255938646238
736972,1590.27164582175,-17.249665383664,-23.6092175848894,1590.27164582175,-17.249665383664,-23.6092175848894
736972.5,NaN,NaN,NaN,NaN,NaN,NaN
736973,1615.82575074176,-28.8063080516661,NaN,1615.82575074176,-28.8063080516661,NaN
736973.5,1574.79451620534,-7.38140273370664,NaN,1574.79451620534,-7.38140273370664,NaN
736974,1588.07898930315,-15.3439906985079,NaN,1588.07898930315,-15.3439906985079,NaN
736974.5,1610.09076021327,-15.7582003996188,NaN,1610.09076021327,-15.7582003996188,NaN
736975,1611.03024988829,-19.1483762828193,-19.9113415488312,1611.03024988829,-19.1483762828193,-19.9113415488312
736975.5,NaN,NaN,NaN,NaN,NaN,NaN
736977,1590.6962789376,-17.739791490184,NaN,1590.6962789376,-17.739791490184,NaN
736977.5,1589.78312554771,-12.5758606774675,-12.4968603929906,1589.78312554771,-12.5758606774675,-12.4968603929906
736978,1595.4276946964,-21.2325374160473,-35.0203850150965,1595.4276946964,-21.2325374160473,-35.0203850150965
736978.5,1599.30431824127,-14.6217706566467,-23.183993876984,1599.30431824127,-14.6217706566467,-23.183993876984
736985,NaN,NaN,NaN,NaN,NaN,NaN
736985.5,1616.55181406571,-14.6293476664512,NaN,1616.55181406571,-14.6293476664512,NaN
736986,NaN,NaN,NaN,NaN,NaN,NaN
736986.5,1595.6077169756,-16.9445972555823,NaN,1595.6077169756,-16.9445972555823,NaN
736987,1595.35825418363,-19.1399504354326,NaN,1595.35825418363,-19.1399504354326,NaN
736987.5,1585.4863130044,-6.6232348444189,NaN,1585.4863130044,-6.6232348444189,NaN
736989,NaN,NaN,NaN,NaN,NaN,NaN
736989.5,1656.88980003071,-43.2588302366664,NaN,1656.88980003071,-43.2588302366664,NaN
736990,1600.63068863763,-16.2415895280806,NaN,1600.63068863763,-16.2415895280806,NaN
736990.5,NaN,NaN,NaN,NaN,NaN,NaN
736992,NaN,NaN,NaN,NaN,NaN,NaN
736992.5,1591.05794300254,-13.6480421447691,NaN,1591.05794300254,-13.6480421447691,NaN
736993,NaN,NaN,NaN,NaN,NaN,NaN
736993.5,1600.44946652849,-18.0924019922309,NaN,1600.44946652849,-18.0924019922309,NaN
736995,NaN,NaN,NaN,NaN,NaN,NaN
736995.5,1591.15933331191,NaN,NaN,1591.15933331191,NaN,NaN
736996,NaN,NaN,NaN,NaN,NaN,NaN
736996.5,1584.91516038031,NaN,NaN,1584.91516038031,NaN,NaN
736997,NaN,NaN,NaN,NaN,NaN,NaN
736997.5,1603.27772926813,-17.2858330424515,NaN,1603.27772926813,-17.2858330424515,NaN
736998,1595.63016613159,-14.3659870046069,NaN,1595.63016613159,-14.3659870046069,NaN
736998.5,NaN,NaN,NaN,NaN,NaN,NaN
736999,1606.19565634814,-15.3166980585479,NaN,1606.19565634814,-15.3166980585479,NaN
736999.5,1589.77126723848,-14.059556148819,NaN,1589.77126723848,-14.059556148819,NaN
737000,1575.60428537457,-10.5911209422479,NaN,1575.60428537457,-10.5911209422479,NaN
737000.5,NaN,NaN,NaN,NaN,NaN,NaN
737001,1636.15526919511,-14.5381522274763,NaN,1636.15526919511,-14.5381522274763,NaN
737001.5,1583.60211915744,-19.8090490116494,NaN,1583.60211915744,-19.8090490116494,NaN
737003,1607.09909506195,-21.0176487779086,NaN,1607.09909506195,-21.0176487779086,NaN
737003.5,NaN,NaN,NaN,NaN,NaN,NaN
737004,1554.19013414749,NaN,NaN,1554.19013414749,NaN,NaN
737004.5,NaN,NaN,NaN,NaN,NaN,NaN
737006,1636.60007801289,-17.0334595167647,NaN,1636.60007801289,-17.0334595167647,NaN
737006.5,NaN,NaN,NaN,NaN,NaN,NaN
737007,1602.06490721602,-17.068017387485,NaN,1602.06490721602,-17.068017387485,NaN
737007.5,NaN,NaN,NaN,NaN,NaN,NaN
737008,NaN,NaN,NaN,NaN,NaN,NaN
737008.5,1620.38448143425,-13.5028819781983,NaN,1620.38448143425,-13.5028819781983,NaN
737009,NaN,NaN,NaN,NaN,NaN,NaN
737009.5,1593.03983781016,-22.1018929713948,NaN,1593.03983781016,-22.1018929713948,NaN
737011,1597.13101884486,-13.4709346442858,NaN,1597.13101884486,-13.4709346442858,NaN
737011.5,1596.05408154848,-10.6726767561056,NaN,1596.05408154848,-10.6726767561056,NaN
737012,1595.039269364,-19.2218319450708,NaN,1595.039269364,-19.2218319450708,NaN
737012.5,1585.39281676149,-15.3767975809817,NaN,1585.39281676149,-15.3767975809817,NaN
737013,NaN,NaN,NaN,NaN,NaN,NaN
737013.5,1602.39826162677,-19.2201189189743,NaN,1602.39826162677,-19.2201189189743,NaN
737014,1583.31507715026,-11.1605308941955,NaN,1583.31507715026,-11.1605308941955,NaN
737014.5,NaN,NaN,NaN,NaN,NaN,NaN
737016,1560.48575770435,-8.80517569763151,NaN,1560.48575770435,-8.80517569763151,NaN
737016.5,NaN,NaN,NaN,NaN,NaN,NaN
737017,NaN,NaN,NaN,NaN,NaN,NaN
737017.5,1616.19528170361,-14.0761527993161,NaN,1616.19528170361,-14.0761527993161,NaN
737018,1598.71217519203,-19.3290612479009,NaN,1598.71217519203,-19.3290612479009,NaN
737018.5,NaN,NaN,NaN,NaN,NaN,NaN
737019,NaN,NaN,NaN,NaN,NaN,NaN
737019.5,1648.98448569961,-22.0256363015358,NaN,1648.98448569961,-22.0256363015358,NaN
737049,1575.88571433246,-17.2400637773349,NaN,1575.88571433246,-17.2400637773349,NaN
737049.5,1510.87556517505,NaN,NaN,1510.87556517505,NaN,NaN
737050,1622.60470801362,-22.0907225797084,NaN,1622.60470801362,-22.0907225797084,NaN
737050.5,1619.31477030308,-28.9664562629314,NaN,1619.31477030308,-28.9664562629314,NaN
737052,1614.05623157418,-2.91233004346782,NaN,1614.05623157418,-2.91233004346782,NaN
737052.5,NaN,NaN,NaN,NaN,NaN,NaN
737053,NaN,NaN,NaN,NaN,NaN,NaN
737053.5,1640.4866718525,-18.8089117284237,NaN,1640.4866718525,-18.8089117284237,NaN
737056,NaN,NaN,NaN,NaN,NaN,NaN
737056.5,1590.29036133681,-17.3408922500798,NaN,1590.29036133681,-17.3408922500798,NaN
737058,1585.7553940942,-16.8916010057419,NaN,1585.7553940942,-16.8916010057419,NaN
737058.5,NaN,NaN,NaN,NaN,NaN,NaN
737059,1588.14753410348,-12.6620772564895,NaN,1588.14753410348,-12.6620772564895,NaN
737059.5,NaN,NaN,NaN,NaN,NaN,NaN
737061,1574.17588125088,-11.5726305519233,NaN,1574.17588125088,-11.5726305519233,NaN
737061.5,1610.00260272098,-20.0098703757742,NaN,1610.00260272098,-20.0098703757742,NaN
737062,1629.68331269278,-25.8191451740036,NaN,1629.68331269278,-25.8191451740036,NaN
737062.5,1615.35710754957,-25.8975834600124,NaN,1615.35710754957,-25.8975834600124,NaN
737063,NaN,NaN,NaN,NaN,NaN,NaN
737063.5,1620.11218969349,-24.1850845855913,NaN,1620.11218969349,-24.1850845855913,NaN
737064,1596.64107907771,-21.0469808220278,NaN,1596.64107907771,-21.0469808220278,NaN
737064.5,1594.33949725014,-11.4323862046313,NaN,1594.33949725014,-11.4323862046313,NaN
737069,NaN,NaN,NaN,NaN,NaN,NaN
737069.5,1597.56763344043,-17.2705079472235,NaN,1597.56763344043,-17.2705079472235,NaN
737070,NaN,NaN,NaN,NaN,NaN,NaN
737070.5,NaN,NaN,NaN,NaN,NaN,NaN
737071,NaN,NaN,NaN,NaN,NaN,NaN
737071.5,1598.27281999995,-20.9096262238279,NaN,1598.27281999995,-20.9096262238279,NaN
737072,1574.9496688265,-2.22541276895095,NaN,1574.9496688265,-2.22541276895095,NaN
737072.5,1563.11541631544,-9.09541704329808,NaN,1563.11541631544,-9.09541704329808,NaN
737073,1579.61136469643,-16.0541059048271,NaN,1579.61136469643,-16.0541059048271,NaN
737073.5,NaN,NaN,NaN,NaN,NaN,NaN
737078,NaN,NaN,NaN,NaN,NaN,NaN
737078.5,1625.84680055179,-6.58324583508647,NaN,1625.84680055179,-6.58324583508647,NaN
737079,1602.29162201487,-14.4871345763072,NaN,1602.29162201487,-14.4871345763072,NaN
737079.5,1592.81795168759,-21.8098381382581,NaN,1592.81795168759,-21.8098381382581,NaN
737080,1604.02444234695,-26.1951260129385,NaN,1604.02444234695,-26.1951260129385,NaN
737080.5,1597.33093836176,-17.9548852497835,NaN,1597.33093836176,-17.9548852497835,NaN
737081,1598.13144806895,-20.4387378261995,NaN,1598.13144806895,-20.4387378261995,NaN
737081.5,NaN,NaN,NaN,NaN,NaN,NaN
737082,1600.77519978378,-15.6283420155385,NaN,1600.77519978378,-15.6283420155385,NaN
737082.5,1607.13709179086,-19.408475761827,NaN,1607.13709179086,-19.408475761827,NaN
737083,1565.24276687089,-2.90006631178971,NaN,1565.24276687089,-2.90006631178971,NaN
737083.5,1595.64449022484,-8.37056949205703,NaN,1595.64449022484,-8.37056949205703,NaN
737084,1619.40087223032,-23.3609848924625,NaN,1619.40087223032,-23.3609848924625,NaN
737084.5,NaN,NaN,NaN,NaN,NaN,NaN
737085,1597.49299293535,-7.89291616817036,NaN,1597.49299293535,-7.89291616817036,NaN
737085.5,1592.54559653209,-20.0632384179717,NaN,1592.54559653209,-20.0632384179717,NaN
737086,NaN,NaN,NaN,NaN,NaN,NaN
737086.5,1672.48931488608,-21.4217181430477,NaN,1672.48931488608,-21.4217181430477,NaN
737087,1575.17150911169,-15.0762208642168,NaN,1575.17150911169,-15.0762208642168,NaN
737087.5,NaN,NaN,NaN,NaN,NaN,NaN
737107,NaN,NaN,NaN,NaN,NaN,NaN
737107.5,1607.41318092006,7.75455278306436,NaN,1607.41318092006,7.75455278306436,NaN
737108,1619.20787680262,-0.294103687588176,6.6291187614413,1626.56108640376,-2.14397826122536,4.51392534924867
737108.5,1591.11602914224,17.5686881772558,11.5702870059408,1591.11602914224,17.5686881772558,11.5702870059408
737113,1619.34632475447,1.43735620106168,-12.4481061654119,1626.20089250388,1.04350971014196,-15.2885826621118
737113.5,NaN,NaN,NaN,NaN,NaN,NaN
737124,1597.56149415418,9.17418528745247,NaN,1602.29975514043,9.34920160893648,NaN
737124.5,NaN,NaN,NaN,NaN,NaN,NaN
737129,NaN,NaN,NaN,NaN,NaN,NaN
737129.5,1609.48575249712,-1.18078652537702,NaN,1609.48575249712,-1.18078652537702,NaN
737130,NaN,NaN,NaN,NaN,NaN,NaN
737130.5,1640.33997443651,2.3759282397798,NaN,1640.33997443651,2.3759282397798,NaN
737131,NaN,NaN,NaN,NaN,NaN,NaN
737131.5,1634.77114049454,3.76458817237835,NaN,1634.77114049454,3.76458817237835,NaN
737132,NaN,NaN,NaN,NaN,NaN,NaN
737132.5,1631.00469346833,11.4329421957837,NaN,1631.00469346833,11.4329421957837,NaN
737133,1627.04154452081,1.64203149646437,NaN,1629.71961556827,1.42231215682727,NaN
737133.5,NaN,NaN,NaN,NaN,NaN,NaN
737135,NaN,NaN,NaN,NaN,NaN,NaN
737135.5,1595.31362930909,9.14318625205624,NaN,1595.31362930909,9.14318625205624,NaN
737137,NaN,NaN,NaN,NaN,NaN,NaN
737137.5,1586.45620007841,17.2469193715119,20.6578252278173,1586.45620007841,17.2469193715119,20.6578252278173
737138,1583.41008624673,6.35808663051762,18.1073031118767,1589.47920886704,4.76065472161372,14.9824776656026
737138.5,NaN,NaN,NaN,NaN,NaN,NaN
737139,NaN,NaN,NaN,NaN,NaN,NaN
737139.5,1570.81276332445,4.4598122844684,22.2269600542234,1570.81276332445,4.4598122844684,22.2269600542234
737140,1602.39696796809,3.42086088788506,14.2086253320556,1605.85012250006,2.20551274706349,12.3967485125231
737140.5,NaN,NaN,NaN,NaN,NaN,NaN
737141,1599.1121683587,6.96535922609974,21.720117100381,1603.74680205153,5.45573047428798,19.2607304844817
737141.5,1621.64495248934,8.20257355702688,8.72002551491937,1621.64495248934,8.20257355702688,8.72002551491937
737142,1616.28544080441,3.64953825720181,NaN,1619.18583621132,2.64245000297524,NaN
737142.5,NaN,NaN,NaN,NaN,NaN,NaN
737143,1593.43307517593,9.44758134058475,23.0262595198258,1594.57641715033,10.1362958575141,22.2562452810448
737143.5,1583.72280812437,13.9994104288783,15.2112637692392,1583.72280812437,13.9994104288783,15.2112637692392
737144,NaN,NaN,NaN,NaN,NaN,NaN
737144.5,1589.80428835915,17.0858344349072,12.5058991839035,1589.80428835915,17.0858344349072,12.5058991839035
737145,NaN,NaN,NaN,NaN,NaN,NaN
737145.5,1587.73786444433,3.84706119455154,NaN,1587.73786444433,3.84706119455154,NaN
737146,1591.8993114909,16.2021361807037,22.8972203804703,1594.74119751563,15.9475691011087,22.0421638666066
737146.5,1598.44350120009,7.20882186767062,11.462569356479,1598.44350120009,7.20882186767062,11.462569356479
737147,1625.19814771639,5.23497143731061,NaN,1630.63308777194,4.19143854782965,NaN
737147.5,NaN,NaN,NaN,NaN,NaN,NaN
737153,NaN,NaN,NaN,NaN,NaN,NaN
737153.5,1603.07828261706,4.71201704290979,0.769340085920703,1603.07828261706,4.71201704290979,0.769340085920703
737154,NaN,NaN,NaN,NaN,NaN,NaN
737154.5,1583.11734208044,29.556257141305,36.7833146057665,1583.11734208044,29.556257141305,36.7833146057665
737155,1625.61986026188,-9.22210636053046,-6.31803833951153,1629.6475901568,-10.3549934296932,-7.91138665616518
737155.5,NaN,NaN,NaN,NaN,NaN,NaN
737158,1602.46057054358,16.9680276074696,NaN,1606.59107011142,15.7199870729282,NaN
737158.5,NaN,NaN,NaN,NaN,NaN,NaN
737160,1632.1956749573,-9.32579778981767,-9.66058537203094,1637.90153254004,-11.1775045267188,-12.2394607520432
737160.5,1622.81524280381,-0.293268159833133,5.2171004007173,1622.81524280381,-0.293268159833133,5.2171004007173
737161,NaN,NaN,NaN,NaN,NaN,NaN
737161.5,1593.93726516977,4.32633702986254,21.0935416807433,1593.93726516977,4.32633702986254,21.0935416807433
737164,1602.29755537208,9.59533502423324,19.4106850874521,1605.10006905993,8.61293534840388,18.2819767097576
737164.5,NaN,NaN,NaN,NaN,NaN,NaN
737165,NaN,NaN,NaN,NaN,NaN,NaN
737165.5,1606.9322769798,6.14343004767147,12.6884568391936,1606.9322769798,6.14343004767147,12.6884568391936
737166,NaN,NaN,NaN,NaN,NaN,NaN
737166.5,1638.4978950914,-0.343448256188367,NaN,1638.4978950914,-0.343448256188367,NaN
737168,1608.12399042192,13.0401698873338,20.4530147236551,1611.04587449822,12.5595739221626,19.2630777994468
737168.5,1632.71444222591,3.99069817487998,NaN,1632.71444222591,3.99069817487998,NaN
737174,1597.3612509763,0.0517919747092037,10.5002496302795,1600.07113968277,0.0321304188260001,9.22201322204455
737174.5,NaN,NaN,NaN,NaN,NaN,NaN
737175,1634.05182524781,-1.01880171802486,-0.0347993852114996,1636.28723995757,-0.941210057673288,-0.441474704434995
737175.5,1599.82710932078,14.7023927566095,18.1535407137717,1599.82710932078,14.7023927566095,18.1535407137717
737178,1592.21347294744,8.33126601717527,17.1130278713522,1593.90921288129,9.26777267032003,16.5647082893199
737178.5,1603.72697364418,9.99265400569288,9.64199264809281,1603.72697364418,9.99265400569288,9.64199264809281
737179,1596.9081073872,8.27581618738259,19.9445618606985,1602.73861665765,6.31166529625625,16.5644425360554
737179.5,1629.5886218865,-4.25697838448423,-0.947828506455608,1629.5886218865,-4.25697838448423,-0.947828506455608
737180,1619.26257442541,-1.22096890905482,6.17895732346824,1620.92902738793,-1.18896300680581,6.25824500141334
737180.5,1581.78925330719,21.3591957990677,21.0838260486948,1581.78925330719,21.3591957990677,21.0838260486948
737181,1606.03996236444,10.9348998417795,17.1245016336054,1608.87185240605,10.5396977990133,16.2248122580584
737181.5,1597.69072067154,11.826818770483,14.1560686193313,1597.69072067154,11.826818770483,14.1560686193313
737183,1590.19697561419,-1.87673043639211,7.54963163704974,1590.14157954876,-0.332168428606792,7.97588619508565
737183.5,NaN,NaN,NaN,NaN,NaN,NaN
737184,1610.87448156353,10.0069516148073,15.8794206788787,1610.52562509693,11.4342772872365,16.8841966577459
737184.5,NaN,NaN,NaN,NaN,NaN,NaN
737191,NaN,NaN,NaN,NaN,NaN,NaN
737191.5,1639.97618719506,-1.04118619637416,-7.44445935396334,1639.97618719506,-1.04118619637416,-7.44445935396334
737192,1611.34298244812,5.28126424860625,NaN,1613.44433512973,5.16224438512063,NaN
737192.5,1634.45406914388,-0.315045115141857,-3.01535476476556,1634.45406914388,-0.315045115141857,-3.01535476476556
737193,1607.87040339059,9.75104151311621,17.7610394475903,1610.7143294923,9.79192562368576,16.7186983793636
737193.5,1625.55293869671,9.11702238135626,6.63076551445374,1625.55293869671,9.11702238135626,6.63076551445374
737194,1598.87960391765,7.46901677698725,16.2749134307255,1603.67036295396,5.95245438256757,13.2288788120338
737194.5,1602.98883898522,8.76687390554434,13.8920467872758,1602.98883898522,8.76687390554434,13.8920467872758
737195,NaN,NaN,NaN,NaN,NaN,NaN
737195.5,1597.43361627568,11.4706721534158,5.4293785002601,1597.43361627568,11.4706721534158,5.4293785002601
737196,1595.92305631326,3.97349050576145,16.0251325974709,1597.20295405782,4.94131582981299,16.5331792752079
737196.5,1629.60476495178,-3.20787150028309,-0.165170393789595,1629.60476495178,-3.20787150028309,-0.165170393789595
737197,1605.49851014297,-9.79722103999848,-2.03739032527278,1611.2745181629,-11.6289331245687,-5.05286216522245
737197.5,NaN,NaN,NaN,NaN,NaN,NaN
737200,1600.08871103885,9.29006252722729,12.8672817713582,1601.9458920078,9.38337308176961,12.362767896145
737200.5,NaN,NaN,NaN,NaN,NaN,NaN
737201,NaN,NaN,NaN,NaN,NaN,NaN
737201.5,1635.83990108776,0.411495739549082,-1.7989397074814,1635.83990108776,0.411495739549082,-1.7989397074814
737203,NaN,NaN,NaN,NaN,NaN,NaN
737203.5,1587.25925266397,12.1205572266663,14.7902908846345,1587.25925266397,12.1205572266663,14.7902908846345
737204,1603.84725304293,4.75258405279328,9.91301250982724,1606.25764816587,4.65896121962101,8.91409060237106
737204.5,NaN,NaN,NaN,NaN,NaN,NaN
737206,NaN,NaN,NaN,NaN,NaN,NaN
737206.5,1607.39685535607,9.3300469470023,3.89772547191205,1607.39685535607,9.3300469470023,3.89772547191205
737207,1581.71629214895,8.91943568437864,20.5524853979655,1586.04327196911,8.1160675837466,18.6003711546509
737207.5,NaN,NaN,NaN,NaN,NaN,NaN
737208,1614.26976628343,6.22040191170413,2.59827850751276,1614.35996670566,6.98679172822199,2.90359383546911
737208.5,1631.51202001283,-3.06275712256684,-14.2248298129982,1631.51202001283,-3.06275712256684,-14.2248298129982
737210,NaN,NaN,NaN,NaN,NaN,NaN
737210.5,1620.90094090977,-8.942395053773,-12.5980330051864,1620.90094090977,-8.942395053773,-12.5980330051864
737211,NaN,NaN,NaN,NaN,NaN,NaN
737211.5,1609.43162466343,7.14065129851701,9.85395626674881,1609.43162466343,7.14065129851701,9.85395626674881
737212,1604.13504895769,9.33172451301448,19.8838380949098,1606.1790944792,9.82705880386607,18.9358223700515
737212.5,NaN,NaN,NaN,NaN,NaN,NaN
737213,NaN,NaN,NaN,NaN,NaN,NaN
737213.5,1617.8909665906,2.40711221513448,3.89708073070369,1617.8909665906,2.40711221513448,3.89708073070369
737214,NaN,NaN,NaN,NaN,NaN,NaN
737214.5,1575.6191903613,7.04995511093171,25.5029062854067,1575.6191903613,7.04995511093171,25.5029062854067
737221,NaN,NaN,NaN,NaN,NaN,NaN
737221.5,1633.39803730384,-6.88904747354104,-9.17557560454293,1633.39803730384,-6.88904747354104,-9.17557560454293
737222,1602.47807214044,1.39818896029988,12.0183642337026,1607.57925938522,0.157009513791309,9.91884819367442
737222.5,NaN,NaN,NaN,NaN,NaN,NaN
737223,1615.91749225542,-3.59825741579652,0.367878343309258,1617.41882868067,-3.35820522979589,-0.772571068535626
737223.5,1577.99817356466,14.6135201000791,25.6906389629314,1577.99817356466,14.6135201000791,25.6906389629314
737224,NaN,NaN,NaN,NaN,NaN,NaN
737224.5,1599.11850617746,4.5662014728639,2.00709457273729,1599.11850617746,4.5662014728639,2.00709457273729
737225,1619.01847380866,2.79707797067726,13.6952083124952,1620.93135720617,2.33806240364606,13.1363926293238
737225.5,1601.63010932378,0.832229421657757,-1.44097485918223,1601.63010932378,0.832229421657757,-1.44097485918223
737226,1602.374409643,14.5267698294256,18.3652350083069,1605.88149251695,14.1256917685043,17.1264081274589
737226.5,1580.56919241355,13.3369688609755,11.7803766858881,1580.56919241355,13.3369688609755,11.7803766858881
737227,1612.22454036102,-0.46152003731072,NaN,1616.92962382647,-2.13143764571055,NaN
737227.5,NaN,NaN,NaN,NaN,NaN,NaN
737228,1616.56108667328,7.13950630267573,10.113422011573,1620.85379258887,5.80701394714401,7.04098081088637
737228.5,NaN,NaN,NaN,NaN,NaN,NaN
737230,1614.65978551303,-0.82240413975137,-2.93161534096748,1619.32402570714,-1.58512157501013,-5.10861350469713
737230.5,NaN,NaN,NaN,NaN,NaN,NaN
737231,NaN,NaN,NaN,NaN,NaN,NaN
737231.5,NaN,NaN,NaN,NaN,NaN,NaN
737232,NaN,NaN,NaN,NaN,NaN,NaN
737232.5,1593.35373951483,5.64691291112217,7.29670159854982,1593.35373951483,5.64691291112217,7.29670159854982
737233,1599.45718638606,8.20793265039515,5.74080396221098,1600.75443630908,8.51541677809701,5.53367460629602
737233.5,1650.38222727939,-5.00456973323321,-15.168043993687,1650.38222727939,-5.00456973323321,-15.168043993687
737234,NaN,NaN,NaN,NaN,NaN,NaN
737234.5,1610.38402879901,0.0393560959969363,7.9349451602975,1610.38402879901,0.0393560959969363,7.9349451602975
737235,1595.72867964728,3.16818280191069,11.4514573799026,1599.87790336132,2.35886014931725,9.58091564394635
737235.5,1621.20632844488,-0.032872266350978,4.76248979337765,1621.20632844488,-0.032872266350978,4.76248979337765
737236,NaN,NaN,NaN,NaN,NaN,NaN
737236.5,1630.12021380821,0.336180964958885,-2.61498991193798,1630.12021380821,0.336180964958885,-2.61498991193798
737237,NaN,NaN,NaN,NaN,NaN,NaN
737237.5,1621.51418202322,5.93748510985301,7.71252579658085,1621.51418202322,5.93748510985301,7.71252579658085
737238,1624.53473336441,6.2625640383792,NaN,1624.5741875397,7.2356385516091,NaN
737238.5,NaN,NaN,NaN,NaN,NaN,NaN
737239,1620.06689535319,5.79297398837116,7.74131657196267,1621.01342546237,6.95612427877313,4.91685170262713
737239.5,1579.81757528539,11.0619126726297,NaN,1579.81757528539,11.0619126726297,NaN
737240,1629.08642356281,9.20615231243141,NaN,1629.52140954056,9.66487711682589,NaN
737240.5,NaN,NaN,NaN,NaN,NaN,NaN
737241,1600.63141644926,6.96496150689222,9.64240821423891,1605.73752143718,5.54953526433769,8.4363430866822
737241.5,NaN,NaN,NaN,NaN,NaN,NaN
737242,1612.93345907539,11.257601807861,15.0730479191029,1616.05294759782,10.2473561980808,13.2246730244647
737242.5,NaN,NaN,NaN,NaN,NaN,NaN
737243,1622.39394251286,4.62879236897675,9.33823674231485,1626.62591570978,3.89003549106906,7.50116580048325
737243.5,1612.85902508118,6.21535709480031,11.9683877996301,1612.85902508118,6.21535709480031,11.9683877996301
737244,1613.078409272,8.89174905114533,16.4294890899325,1615.09954275612,8.73516073989163,15.8145344096315
737244.5,1613.07722134841,10.9373344254536,NaN,1613.07722134841,10.9373344254536,NaN
737245,1619.90462618777,3.9919059534036,NaN,1621.96031041249,3.78928049579167,NaN
737245.5,1627.53531622329,4.11875601407701,NaN,1627.53531622329,4.11875601407701,NaN
737246,1620.40647925188,2.15174865153062,NaN,1622.22893034716,1.58580253073842,NaN
737246.5,NaN,NaN,NaN,NaN,NaN,NaN
737247,1595.63811019942,6.98717686968757,NaN,1597.44031375284,7.86733138456498,NaN
737247.5,NaN,NaN,NaN,NaN,NaN,NaN
737248,1610.10446076593,8.39121123877067,15.8262384913364,1611.49707731033,8.87504153219197,15.8458706204608
737248.5,NaN,NaN,NaN,NaN,NaN,NaN
737249,1626.53932213385,-0.507978705996948,NaN,1627.97494817023,-0.888900084980605,NaN
737249.5,NaN,NaN,NaN,NaN,NaN,NaN
737250,1615.31272276795,9.43824974606378,NaN,1616.81154753631,9.1506230476366,NaN
737250.5,NaN,NaN,NaN,NaN,NaN,NaN
737252,NaN,NaN,NaN,NaN,NaN,NaN
737252.5,1622.2834716564,0.27980080611178,NaN,1622.2834716564,0.27980080611178,NaN
737253,NaN,NaN,NaN,NaN,NaN,NaN
737253.5,1615.30212721112,7.38515309023364,8.6620523641825,1615.30212721112,7.38515309023364,8.6620523641825
737254,NaN,NaN,NaN,NaN,NaN,NaN
737254.5,1623.4167060889,2.28133181552721,3.26803658009226,1623.4167060889,2.28133181552721,3.26803658009226
737255,1628.57421081737,-3.96071565479906,-0.769845471327926,1633.78458236328,-5.40490729224166,-2.94601921179196
737255.5,NaN,NaN,NaN,NaN,NaN,NaN
737256,1616.90106898049,2.38983969780998,6.43132892044059,1623.00482168947,0.150381333986161,3.39902169195602
737256.5,1608.1798977783,10.0816357788776,8.99791695897102,1608.1798977783,10.0816357788776,8.99791695897102
737257,1598.23021605706,9.76433150720482,16.9188268713476,1600.33184355757,9.96152645792586,16.3108124038538
737257.5,NaN,NaN,NaN,NaN,NaN,NaN
737258,1622.04841012404,1.06020698105658,5.17053309847779,1624.59097348906,1.43374872677668,4.7144184319236
737258.5,NaN,NaN,NaN,NaN,NaN,NaN
737261,NaN,NaN,NaN,NaN,NaN,NaN
737261.5,1626.64963841545,3.49479930029224,NaN,1626.64963841545,3.49479930029224,NaN
737262,NaN,NaN,NaN,NaN,NaN,NaN
737262.5,1607.81999975194,11.4528786991423,NaN,1607.81999975194,11.4528786991423,NaN
737263,1613.59506196265,10.4092740259857,NaN,1616.32316279449,9.11149288641491,NaN
737263.5,1616.31646467196,7.27012942643182,6.77940934979506,1616.31646467196,7.27012942643182,6.77940934979506
737264,1625.19441552304,5.41969222940179,NaN,1629.45382092354,5.06078399857302,NaN
737264.5,NaN,NaN,NaN,NaN,NaN,NaN
737265,1605.07540262108,12.0081281148045,NaN,1611.14388102187,10.1713390550337,NaN
737265.5,NaN,NaN,NaN,NaN,NaN,NaN
737266,1620.42005205731,5.84210344422149,NaN,1621.83380360492,3.98079322016861,NaN
737266.5,NaN,NaN,NaN,NaN,NaN,NaN
737286,NaN,NaN,NaN,NaN,NaN,NaN
737286.5,1608.2249896682,10.1818304883773,17.3512716791906,1608.2249896682,10.1818304883773,17.3512716791906
737288,1618.7512300695,-1.77688074642992,2.33256992540805,1620.10499081682,-0.974963147503786,2.51143324361374
737288.5,1610.06190175253,7.43514482692785,6.72539155683057,1610.06190175253,7.43514482692785,6.72539155683057
737289,1614.72521468448,7.10683763636007,10.3233843984756,1616.635689475,6.8692899700618,9.98306366425436
737289.5,NaN,NaN,NaN,NaN,NaN,NaN
737290,1619.30140418679,8.35948052227468,15.5848358232004,1623.8950869862,7.36430007075842,13.2331705383513
737290.5,NaN,NaN,NaN,NaN,NaN,NaN
737291,1611.47206524341,10.5268926844101,19.5188790893126,1617.46900736987,8.05436691542013,15.6492010427849
737291.5,NaN,NaN,NaN,NaN,NaN,NaN
737293,1631.0474219161,1.79712512743345,8.56209749677782,1638.14212099383,-0.619051878402388,5.16362486750404
737293.5,NaN,NaN,NaN,NaN,NaN,NaN
737294,1638.7902802243,-4.66717373052597,0.983286492402158,1640.87284617414,-4.47007949974545,-0.257822868283711
737294.5,NaN,NaN,NaN,NaN,NaN,NaN
737295,NaN,NaN,NaN,NaN,NaN,NaN
737295.5,1621.06805732019,7.52022673591591,5.90032574139559,1621.06805732019,7.52022673591591,5.90032574139559
737296,1627.89496384657,2.29789439521755,6.54672962703921,1631.39675984117,1.75291344234483,4.75448212262404
737296.5,1621.79454610511,4.85414761365018,5.45155481316624,1621.79454610511,4.85414761365018,5.45155481316624
737298,1630.63209063654,-1.48308834597719,1.52943779906536,1633.15339618894,-1.29060730397237,-0.0935525583656727
737298.5,NaN,NaN,NaN,NaN,NaN,NaN
737299,1616.33757211749,11.0744100375425,12.7795054878616,1617.85560713709,11.9479682009905,13.407279004957
737299.5,1626.00431399803,1.38440448992242,-0.299869247105562,1626.00431399803,1.38440448992242,-0.299869247105562
737300,1608.16051872846,11.4894591324201,19.0741220881177,1615.88549847177,8.50992408512411,14.9011876457701
737300.5,1610.31533897686,12.2417752311812,18.0428274792546,1610.31533897686,12.2417752311812,18.0428274792546
737301,NaN,NaN,NaN,NaN,NaN,NaN
737301.5,1624.91201892827,-0.0246130000691664,-0.697886584973048,1624.91201892827,-0.0246130000691664,-0.697886584973048
737302,1617.99667952635,-1.28008011080306,11.0828514603943,1618.54002335549,-0.261933608803247,10.6298851743393
737302.5,1619.20726733522,4.00172373300506,3.52274158401406,1619.20726733522,4.00172373300506,3.52274158401406
737303,NaN,NaN,NaN,NaN,NaN,NaN
737303.5,1619.019437016,4.17597783672181,5.44746910150138,1619.019437016,4.17597783672181,5.44746910150138
737304,1625.88693640427,6.98004295035003,10.4406163123024,1627.97847839068,6.75782976533583,10.2948350472457
737304.5,NaN,NaN,NaN,NaN,NaN,NaN
737305,1608.77602915472,11.3314595921017,14.4210031153398,1610.76725319749,10.8242065823044,13.676967024777
737305.5,1618.66337312454,12.5285507884316,13.4633818874386,1618.66337312454,12.5285507884316,13.4633818874386
737307,1602.72606369073,8.9636193009469,NaN,1607.38169434511,8.09792981274586,NaN
737307.5,1624.70728358584,1.61415077714651,NaN,1624.70728358584,1.61415077714651,NaN
737308,1642.42897976596,-1.20989587322879,-1.5108939121792,1645.8757614527,-1.81525351570622,-2.93583211740315
737308.5,NaN,NaN,NaN,NaN,NaN,NaN
737309,NaN,NaN,NaN,NaN,NaN,NaN
737309.5,1607.79042658623,11.6769832561263,13.5408380572537,1607.79042658623,11.6769832561263,13.5408380572537
737311,1622.12834940984,4.68460728068135,5.75916793708188,1625.86890205584,4.89472086270825,4.15622521913633
737311.5,NaN,NaN,NaN,NaN,NaN,NaN
737313,1617.73786283386,2.33679997862328,11.7617820841233,1619.31925402051,2.92742089414742,11.5180693303976
737313.5,1636.63189080154,-3.42616596771768,4.19026775878501,1636.63189080154,-3.42616596771768,4.19026775878501
737314,NaN,NaN,NaN,NaN,NaN,NaN
737314.5,1607.81349860868,6.41137608503368,16.5911804865966,1607.81349860868,6.41137608503368,16.5911804865966
737315,1589.4172602947,12.8284147585516,NaN,1590.74439454934,12.5381368571861,NaN
737315.5,NaN,NaN,NaN,NaN,NaN,NaN
737317,1628.4364629634,5.43662466418868,NaN,1627.95154805311,6.84147192554246,NaN
737317.5,NaN,NaN,NaN,NaN,NaN,NaN
737319,1612.83795970018,6.23109448348964,16.1412491439041,1614.05024737577,7.11999661942991,17.1083388078505
737319.5,1632.78135080444,-0.0768970504736899,0.063414157103125,1632.78135080444,-0.0768970504736899,0.063414157103125
737320,1640.98712314362,-3.02826701819481,-0.39436780937217,1644.0428391762,-2.89905823144659,-1.62381561744382
737320.5,NaN,NaN,NaN,NaN,NaN,NaN
737321,1602.88964087791,5.9585764008857,10.5563667379436,1610.71973044145,2.28283641916892,5.72268700901532
737321.5,NaN,NaN,NaN,NaN,NaN,NaN
737322,1630.97439858896,0.692054093090974,NaN,1636.68514529578,-0.518471244745569,NaN
737322.5,1612.35546969124,8.19704967730513,NaN,1612.35546969124,8.19704967730513,NaN
737323,NaN,NaN,NaN,NaN,NaN,NaN
737323.5,1606.96342004507,16.284863360908,18.1672090179791,1606.96342004507,16.284863360908,18.1672090179791
737324,NaN,NaN,NaN,NaN,NaN,NaN
737324.5,1641.19305276492,-0.915180893997558,-1.4360269710694,1641.19305276492,-0.915180893997558,-1.4360269710694
737326,1625.08322695081,5.31718330834997,10.7094313456039,1627.84376748125,4.95628342784357,9.09898929782366
737326.5,1616.31471160384,8.94536024376066,13.463116001252,1616.31471160384,8.94536024376066,13.463116001252
737327,NaN,NaN,NaN,NaN,NaN,NaN
737327.5,1629.79307517714,-2.75105526121752,NaN,1629.79307517714,-2.75105526121752,NaN
737329,1640.14863819383,-0.697355055971684,3.00417864285964,1643.67147336062,-1.2912394631353,1.37920338095205
737329.5,1637.19107310323,0.457741059875389,-0.450387505384015,1637.19107310323,0.457741059875389,-0.450387505384015
737330,1620.47785114963,12.2612518262108,16.4907944921592,1622.89810720736,12.6013576002786,16.6033965056974
737330.5,NaN,NaN,NaN,NaN,NaN,NaN
737331,NaN,NaN,NaN,NaN,NaN,NaN
737331.5,1619.13835756349,10.2218136117929,NaN,1619.13835756349,10.2218136117929,NaN
737332,1603.60009802054,16.7241491457014,17.5337486555811,1610.77841392054,13.6060455263091,13.2907331407434
737332.5,NaN,NaN,NaN,NaN,NaN,NaN
737334,1627.05738622769,-1.70513685615924,1.92214944547277,1631.08246649769,-2.65409202756632,0.380814891138243
737334.5,1643.54078391749,0.191156112604858,NaN,1643.54078391749,0.191156112604858,NaN
737335,1632.02889309325,-1.26134776784011,6.61775787321289,1633.06020660048,-0.060958704266568,6.14817883994078
737335.5,NaN,NaN,NaN,NaN,NaN,NaN
737336,1625.41687565537,5.45314919711313,4.45360136183444,1628.85610942784,4.87285892789737,3.3757159613715
737336.5,NaN,NaN,NaN,NaN,NaN,NaN
737339,1587.79636355254,13.197965098236,-2.25921682854164,1590.49920540508,12.9941451598459,-2.43230012488016
737339.5,NaN,NaN,NaN,NaN,NaN,NaN
737342,1622.4587419843,7.53518201991278,6.15936929561076,1624.71064871025,7.55857615710374,5.21180178999157
737342.5,1647.04963593948,-14.8437033385951,-14.7332075098591,1647.04963593948,-14.8437033385951,-14.7332075098591
737344,1619.19392717629,1.08382276446446,NaN,1624.37920902681,-0.789383421026059,NaN
737344.5,1631.81175026858,8.23474868666108,NaN,1631.81175026858,8.23474868666108,NaN
737345,1607.31066265995,3.40463947666854,11.2343992528688,1610.90692335083,2.57319703498865,8.68264534726495
737345.5,NaN,NaN,NaN,NaN,NaN,NaN
737346,1597.88914873495,7.59517386026982,6.76124202039955,1598.33706423834,8.46876575147712,7.81257614522701
737346.5,NaN,NaN,NaN,NaN,NaN,NaN
737347,1613.95872972624,-0.295604372291336,NaN,1616.41010447401,-0.560469144633998,NaN
737347.5,1630.63870894492,8.30690147217092,NaN,1630.63870894492,8.30690147217092,NaN
737348,1598.94916633026,11.0552786722185,16.4955489026333,1599.53374340108,11.7254308373106,16.6220441407879
737348.5,1628.89145022617,6.45021517843361,-0.0583721044663434,1628.89145022617,6.45021517843361,-0.0583721044663434
737349,1623.98781644485,-3.18670983413517,NaN,1623.15042360042,-1.38011689387349,NaN
737349.5,NaN,NaN,NaN,NaN,NaN,NaN
737354,1601.83662428822,6.78088711373198,NaN,1607.64531710327,6.03750420703,NaN
737354.5,NaN,NaN,NaN,NaN,NaN,NaN
737356,1615.29869855977,8.17262905416692,NaN,1618.50706554655,7.46024313158182,NaN
737356.5,NaN,NaN,NaN,NaN,NaN,NaN
737359,1598.72237626256,6.61316048868548,NaN,1600.80895598471,6.81145221408224,NaN
737359.5,NaN,NaN,NaN,NaN,NaN,NaN
737363,1624.05826039761,0.658097894917773,3.83322759782732,1626.86578276281,0.593174121908987,2.98770131859942
737363.5,NaN,NaN,NaN,NaN,NaN,NaN
737364,1631.0861604203,-0.214638576238713,1.68991500484958,1636.14782177531,-1.72028389124193,0.661503389736481
737364.5,NaN,NaN,NaN,NaN,NaN,NaN
737365,1607.10890535272,7.05354534289791,NaN,1608.37052863135,7.55357429602282,NaN
737365.5,1634.95145192585,-2.69704888898377,NaN,1634.95145192585,-2.69704888898377,NaN
737366,NaN,NaN,NaN,NaN,NaN,NaN
737366.5,1590.64486974382,9.08510388381615,NaN,1590.64486974382,9.08510388381615,NaN
737367,1605.84421620286,9.58870708469362,14.2264974191744,1608.80657530981,9.17889891759341,13.3722601498253
737367.5,1622.18849945391,-6.53348441197636,-1.03111092410131,1622.18849945391,-6.53348441197636,-1.03111092410131
737369,1624.42084504109,2.60392821532946,NaN,1625.31283329967,3.47714729677909,NaN
737369.5,1609.58760352735,13.6878477610253,NaN,1609.58760352735,13.6878477610253,NaN
737370,1630.50588753587,-1.78924965929991,3.14957553941213,1636.70758039428,-3.90133345972504,0.537528575942588
737370.5,1607.95287468958,9.36156598899765,14.8073411705188,1607.95287468958,9.36156598899765,14.8073411705188
737371,1606.85485313092,16.1628010133315,18.8870195548966,1604.03342778138,18.9718849586491,21.846829545173
737371.5,1621.5197139916,-1.02283308313531,5.64449904178764,1621.5197139916,-1.02283308313531,5.64449904178764
737372,1629.45229314466,-1.46943152741073,NaN,1630.98938434313,-1.09537568789165,NaN
737372.5,1619.78872817365,6.60164474306521,10.4081358502642,1619.78872817365,6.60164474306521,10.4081358502642
737373,1627.27441417425,11.5649581221865,NaN,1633.21417689938,9.49538844372364,NaN
737373.5,NaN,NaN,NaN,NaN,NaN,NaN
737374,NaN,NaN,NaN,NaN,NaN,NaN
737374.5,1605.01390070379,8.92799215014315,NaN,1605.01390070379,8.92799215014315,NaN
737375,1614.37347674934,15.1243804557387,NaN,1615.6481716647,15.2308163522182,NaN
737375.5,1606.69908762806,10.9546682657196,8.14480911244323,1606.69908762806,10.9546682657196,8.14480911244323
737378,1639.75229592207,-1.90834898495882,NaN,1644.06243565814,-2.72664083611039,NaN
737378.5,1401.17956839481,112.056631804271,112.420165443675,1401.17956839481,112.056631804271,112.420165443675
737380,1569.29579174502,9.22393956117503,NaN,1574.34120814129,7.81625635324144,NaN
737380.5,NaN,NaN,NaN,NaN,NaN,NaN
737384,1605.2012279616,-3.14463879368896,NaN,1609.49627773339,-4.37245323325283,NaN
737384.5,1650.28556736515,-1.27822142875698,NaN,1650.28556736515,-1.27822142875698,NaN
737385,1629.2017127641,3.37958060433812,NaN,1632.61732026861,2.47287461178485,NaN
737385.5,NaN,NaN,NaN,NaN,NaN,NaN
737389,1574.83421901748,10.6659998825921,NaN,1580.55340002793,9.50671056672331,NaN
737389.5,1633.09215309321,8.28644876794851,NaN,1633.09215309321,8.28644876794851,NaN
737390,1623.51051954534,6.49470394292644,NaN,1626.27107931033,5.49614656757763,NaN
737390.5,NaN,NaN,NaN,NaN,NaN,NaN
737391,1621.73935234375,0.214978045039743,NaN,1619.342047539,1.9974663330047,NaN
737391.5,1634.05885680628,2.01711282644874,NaN,1634.05885680628,2.01711282644874,NaN
737392,1655.38602007661,-22.6243450591098,NaN,1658.61210346108,-22.5745691214786,NaN
737392.5,1639.2190172549,1.29292835320484,NaN,1639.2190172549,1.29292835320484,NaN
737393,NaN,NaN,NaN,NaN,NaN,NaN
737393.5,1622.99737007877,2.98208213588441,NaN,1622.99737007877,2.98208213588441,NaN
737394,1639.61764670446,3.87855249689778,NaN,1645.74269350188,2.113074322697,NaN
737394.5,1617.26007003348,12.3655371558002,NaN,1617.26007003348,12.3655371558002,NaN
737395,1637.66709684675,0.790789382022467,NaN,1643.25744252859,-0.579137758100842,NaN
737395.5,1649.05594114149,-2.76237760214758,NaN,1649.05594114149,-2.76237760214758,NaN
737396,1633.13953940182,0.342822178395181,NaN,1635.13684713056,-0.155561249008997,NaN
737396.5,1638.61129364929,5.82643537664217,NaN,1638.61129364929,5.82643537664217,NaN
737397,1582.9502507169,15.047601481522,NaN,1584.61322297407,15.4720543005969,NaN
737397.5,1623.5075137453,6.89117316871398,NaN,1623.5075137453,6.89117316871398,NaN
737398,1607.44768771072,9.9952069974845,NaN,1606.27694648425,11.6814673575468,NaN
737398.5,1633.00171569051,-7.32841679758212,NaN,1633.00171569051,-7.32841679758212,NaN
737399,1640.65923865439,6.47121314215269,NaN,1645.66296262068,5.14439835896906,NaN
737399.5,1621.87558417445,10.9769203169624,NaN,1621.87558417445,10.9769203169624,NaN
737400,1601.89100277974,11.6978347237412,NaN,1604.15314462249,10.1927068862142,NaN
737400.5,1628.63157781514,10.8250523830545,NaN,1628.63157781514,10.8250523830545,NaN
737401,1641.32448601544,3.86482093281461,NaN,1644.10189099587,3.36993697262028,NaN
737401.5,1620.58770947007,4.73687710402078,NaN,1620.58770947007,4.73687710402078,NaN
737402,1648.57215226637,-1.82343911436237,NaN,1652.68978087674,-2.60707930768262,NaN
737402.5,1617.63952611804,-4.75663250195566,NaN,1617.63952611804,-4.75663250195566,NaN
737403,NaN,NaN,NaN,NaN,NaN,NaN
737403.5,1602.21395473137,11.0267174769106,NaN,1602.21395473137,11.0267174769106,NaN
737404,1646.61598281418,2.91355332453372,NaN,1650.51230141168,2.23850674659661,NaN
737404.5,1587.14394681945,9.34830124778591,NaN,1587.14394681945,9.34830124778591,NaN
737405,NaN,NaN,NaN,NaN,NaN,NaN
737405.5,1637.92519243887,7.01470378036538,NaN,1637.92519243887,7.01470378036538,NaN
737406,1617.98094874426,4.77983689374628,NaN,1622.42511037189,2.99016758942071,NaN
737406.5,NaN,NaN,NaN,NaN,NaN,NaN
737407,1619.63516930779,-4.34931885078367,NaN,1620.87535010618,-3.87514060233661,NaN
737407.5,1638.57338180161,9.38364838361235,NaN,1638.57338180161,9.38364838361235,NaN
737408,NaN,NaN,NaN,NaN,NaN,NaN
737408.5,1593.59929745024,11.3351626937288,NaN,1593.59929745024,11.3351626937288,NaN
737410,1590.64914399117,4.7131298817003,NaN,1592.61572485751,4.65802396968002,NaN
737410.5,1646.32468530164,2.70749507001324,NaN,1646.32468530164,2.70749507001324,NaN
737411,1624.24732698053,13.1846036306329,NaN,1626.06034848393,13.2181614018239,NaN
737411.5,1631.04141373158,-1.88180236023368,NaN,1631.04141373158,-1.88180236023368,NaN
737412,NaN,NaN,NaN,NaN,NaN,NaN
737412.5,1628.31445259138,10.5257848787737,NaN,1628.31445259138,10.5257848787737,NaN
737413,NaN,NaN,NaN,NaN,NaN,NaN
737413.5,1645.77922460623,4.61581481551571,NaN,1645.77922460623,4.61581481551571,NaN
737414,1592.09812804887,-1.23575356871993,NaN,1594.72925731688,-1.2531786145214,NaN
737414.5,NaN,NaN,NaN,NaN,NaN,NaN
737416,NaN,NaN,NaN,NaN,NaN,NaN
737416.5,1641.72256670924,2.4894579431616,NaN,1641.72256670924,2.4894579431616,NaN
737417,1610.62367529086,8.90785514617187,NaN,1613.47856138443,8.50970203742554,NaN
737417.5,1625.59972508907,NaN,NaN,1625.59972508907,NaN,NaN
737419,1629.26655886493,5.22214820775753,NaN,1633.18189101113,4.21354742280391,NaN
737419.5,1584.37104560507,4.7698518501752,NaN,1584.37104560507,4.7698518501752,NaN
737420,NaN,NaN,NaN,NaN,NaN,NaN
737420.5,1564.28084971139,1.58701797989011,NaN,1564.28084971139,1.58701797989011,NaN
737421,1608.9091594617,11.9050774187187,NaN,1613.13131478387,11.1765783730355,NaN
737421.5,1620.94410935046,7.86231329012799,NaN,1620.94410935046,7.86231329012799,NaN
737422,NaN,NaN,NaN,NaN,NaN,NaN
737422.5,1605.6996082601,-0.886987306213314,NaN,1605.6996082601,-0.886987306213314,NaN
737423,1627.36253441968,0.742192665299626,NaN,1626.44691641054,1.4093338051382,NaN
737423.5,1609.63673481228,3.33901525387455,NaN,1609.63673481228,3.33901525387455,NaN
737424,1657.0607744288,-4.25128840122898,NaN,1660.25122241977,-3.8833828406282,NaN
737424.5,1604.88389018457,-5.39665543674141,NaN,1604.88389018457,-5.39665543674141,NaN
737426,1560.38820446498,8.12191648491262,NaN,1563.22463237435,7.32112910269711,NaN
737426.5,NaN,NaN,NaN,NaN,NaN,NaN
737427,1639.20311475643,5.8631021429801,NaN,1640.51242936795,5.94215020214506,NaN
737427.5,1639.5813720653,3.33078872420765,NaN,1639.5813720653,3.33078872420765,NaN
737428,1650.06776451174,-2.18156240506187,NaN,1649.731316379,-1.13319436387178,NaN
737428.5,1597.80896249925,13.8296209876928,NaN,1597.80896249925,13.8296209876928,NaN
737429,1603.97264101704,16.0966652482791,NaN,1608.78890256124,15.0232407483825,NaN
737429.5,1637.60120495728,-3.45222733989795,NaN,1637.60120495728,-3.45222733989795,NaN
737431,1627.75679657965,-1.7928119944097,NaN,1627.60206258462,-0.424466662765326,NaN
737431.5,1539.12985742705,18.915587092923,NaN,1539.12985742705,18.915587092923,NaN
737432,1633.05982140715,4.70318409299034,NaN,1633.82152289636,5.42225383581331,NaN
737432.5,1592.90288591627,15.5221288742136,NaN,1592.90288591627,15.5221288742136,NaN
737436,1607.18074736025,4.01915688591771,NaN,1610.22012578289,3.82684382900698,NaN
737436.5,NaN,NaN,NaN,NaN,NaN,NaN
737440,1621.56834816227,4.24231038404423,NaN,1619.46781527029,6.25821086575888,NaN
737440.5,1554.49771045573,42.8928274420221,NaN,1554.49771045573,42.8928274420221,NaN
737441,1592.09238218662,13.4663075510055,NaN,1593.12511793668,13.8700878722734,NaN
737441.5,NaN,NaN,NaN,NaN,NaN,NaN
737443,1597.03286689693,6.18232721533923,NaN,1599.888011188,5.10728362848181,NaN
737443.5,1656.47527439359,-1.46015287006412,NaN,1656.47527439359,-1.46015287006412,NaN
737444,1619.01374215165,7.67503747020555,NaN,1623.31093900319,6.8499984943694,NaN
737444.5,1630.68664560043,3.09099315225444,NaN,1630.68664560043,3.09099315225444,NaN
737445,1606.52875140126,16.2974758505723,NaN,1612.19006394056,14.2018984103322,NaN
737445.5,NaN,NaN,NaN,NaN,NaN,NaN
737447,1622.13442210902,-4.40887159240174,NaN,1629.3823237737,-7.62110505859164,NaN
737447.5,1576.39129820504,8.25366316840859,NaN,1576.39129820504,8.25366316840859,NaN
737449,1606.1797345134,-0.543210161685238,NaN,1612.27957869115,-2.09875139253859,NaN
737449.5,NaN,NaN,NaN,NaN,NaN,NaN
737450,1612.58144326903,2.56248953376894,NaN,1615.69393740848,2.14017913251405,NaN
737450.5,1613.00527335174,14.0763764153912,NaN,1613.00527335174,14.0763764153912,NaN
737451,1551.50586836425,28.7247936733643,NaN,1557.18023811323,27.2274921496346,NaN
737451.5,1629.51885945337,-6.67397702903941,NaN,1629.51885945337,-6.67397702903941,NaN
737452,1596.26479982142,11.1481059083435,NaN,1597.9972250167,12.1054202676171,NaN
737452.5,1613.82790409422,11.7056532478371,8.94244009179852,1613.82790409422,11.7056532478371,8.94244009179852
737453,1630.90118897332,4.25491513921611,NaN,1634.06842862634,3.86424453350173,NaN
737453.5,1596.89812661037,21.0276022548549,NaN,1596.89812661037,21.0276022548549,NaN
737454,1643.64513401451,-0.653933961161556,NaN,1647.8792264946,-1.29756987173801,NaN
737454.5,NaN,NaN,NaN,NaN,NaN,NaN
737456,1636.21613468351,0.0213900245794321,NaN,1634.08897130662,1.70358540242273,NaN
737456.5,NaN,NaN,NaN,NaN,NaN,NaN
737457,1568.38104980363,22.7699275244904,NaN,1571.39183822705,21.404509127454,NaN
737457.5,NaN,NaN,NaN,NaN,NaN,NaN
737458,1637.42126627477,-7.05148370659185,NaN,1638.48989394851,-6.30519838296004,NaN
737458.5,NaN,NaN,NaN,NaN,NaN,NaN
737459,1619.89899615532,-8.48731327680912,NaN,1622.15561608657,-8.55645700751938,NaN
737459.5,NaN,NaN,NaN,NaN,NaN,NaN
737460,1611.73197434572,4.88343266337051,11.9269265627568,1615.56887586438,4.07467890306589,10.4467290763332
737460.5,1613.56449180562,1.31130211294067,-3.509095411006,1613.56449180562,1.31130211294067,-3.509095411006
737461,1611.42970521936,15.5765150443535,17.9529530033174,1613.33390396675,15.7952102487152,17.490369003252
737461.5,NaN,NaN,NaN,NaN,NaN,NaN
737462,1626.03910260109,-8.53412675633035,NaN,1630.01716835783,-9.43686010337478,NaN
737462.5,NaN,NaN,NaN,NaN,NaN,NaN
737465,1587.35541910835,24.1097854607387,30.0901520259906,1590.75442399774,23.5255199646344,28.9305935158325
737465.5,NaN,NaN,NaN,NaN,NaN,NaN
737466,1573.48369539455,2.63491989562522,NaN,1580.9352878917,0.113019421768286,NaN
737466.5,NaN,NaN,NaN,NaN,NaN,NaN
737468,1587.92641838169,1.81628814279861,NaN,1591.68711075331,1.06316550490669,NaN
737468.5,1589.87055365783,14.7720541136148,16.5361239530382,1589.87055365783,14.7720541136148,16.5361239530382
737469,1590.77582791187,4.49912004058092,8.83415612402928,1596.48869528095,2.10618379498806,6.33500905606979
737469.5,1608.39745001427,8.29696585207148,8.51570595508338,1608.39745001427,8.29696585207148,8.51570595508338
737473,NaN,NaN,NaN,NaN,NaN,NaN
737473.5,1620.14758465275,-2.11600966430319,1.50218962596045,1620.14758465275,-2.11600966430319,1.50218962596045
737475,NaN,NaN,NaN,NaN,NaN,NaN
737475.5,1618.78853019182,4.13770387440172,7.46702327604817,1618.78853019182,4.13770387440172,7.46702327604817
737476,1605.28823923306,11.7349719319766,NaN,1606.68272003672,11.8034435400293,NaN
737476.5,NaN,NaN,NaN,NaN,NaN,NaN
737477,1557.66600702715,11.2450594891225,20.4343049224294,1557.26727790217,12.8335808788845,22.0255492366718
737477.5,NaN,NaN,NaN,NaN,NaN,NaN
737478,NaN,NaN,NaN,NaN,NaN,NaN
737478.5,1604.82902909247,5.65237570667819,5.03267278066778,1604.82902909247,5.65237570667819,5.03267278066778
737479,NaN,NaN,NaN,NaN,NaN,NaN
737479.5,1589.57187547669,3.28821604620498,2.11403142244103,1589.57187547669,3.28821604620498,2.11403142244103
737480,1616.79413703779,2.84623079806283,11.1774246607149,1619.97121312426,2.34567407800455,9.46985758003439
737480.5,NaN,NaN,NaN,NaN,NaN,NaN
737481,1625.80466955148,4.84217478609116,12.3835534038453,1630.02155759256,4.10604193913696,10.3120429317523
737481.5,1589.1883687759,8.27343483398022,11.6809530364219,1589.1883687759,8.27343483398022,11.6809530364219
737485,1588.85546018296,1.48020279253251,12.933660427241,1595.01254622906,-0.719138686907854,9.41285664887801
737485.5,1615.68344554209,-1.42017852925301,4.72049209491365,1615.68344554209,-1.42017852925301,4.72049209491365
737486,NaN,NaN,NaN,NaN,NaN,NaN
737486.5,1605.26776877632,0.233150132205537,0.842953061043545,1605.26776877632,0.233150132205537,0.842953061043545
737487,NaN,NaN,NaN,NaN,NaN,NaN
737487.5,1576.34384535021,2.61041248201809,8.63213823638944,1576.34384535021,2.61041248201809,8.63213823638944
737488,1584.66480842799,12.205882662053,18.6084258932242,1587.57188239749,12.377616285645,17.7264337841809
737488.5,1602.48758957137,13.3856244760643,12.0972058315554,1602.48758957137,13.3856244760643,12.0972058315554
737489,1589.42609506521,17.0825618025019,21.5892270933166,1595.48316428836,15.1710605633189,18.0955062049916
737489.5,NaN,NaN,NaN,NaN,NaN,NaN
737491,1549.72456957379,14.834811433697,24.6692560259896,1552.34665250242,14.8462609844082,23.982491852493
737491.5,NaN,NaN,NaN,NaN,NaN,NaN
737492,1567.02932743467,17.5624993186673,28.4836362172077,1570.3118936026,17.199638001191,27.3494503590296
737492.5,NaN,NaN,NaN,NaN,NaN,NaN
737494,1608.42540580472,12.305304209528,19.0469088578679,1615.70169766481,9.93301874282929,15.4162689259649
737494.5,1625.73897792354,0.00354002010953991,-2.49749944790756,1625.73897792354,0.00354002010953991,-2.49749944790756
737495,1610.42269560773,10.4271751116548,18.0856862467822,1609.97415158367,11.8781510967112,19.3583906408605
737495.5,1626.01710859228,4.04563701458846,3.23480400950234,1626.01710859228,4.04563701458846,3.23480400950234
737497,NaN,NaN,NaN,NaN,NaN,NaN
737497.5,1593.99337160444,16.1518136323209,23.6276387911739,1593.99337160444,16.1518136323209,23.6276387911739
737498,NaN,NaN,NaN,NaN,NaN,NaN
737498.5,1594.17054988151,15.0264314667984,13.704139427949,1594.17054988151,15.0264314667984,13.704139427949
737499,NaN,NaN,NaN,NaN,NaN,NaN
737499.5,1608.85910615219,7.32491338794239,5.77779490701687,1608.85910615219,7.32491338794239,5.77779490701687
737500,1581.16282544495,-1.26172394742844,4.02416314374955,1583.64502270998,-1.22470389835144,3.64835545542087
737500.5,1649.2370568791,0.232643161375563,-18.3458950926745,1649.2370568791,0.232643161375563,-18.3458950926745
737501,1601.91801924693,9.26346312949954,17.3231403639084,1605.69085858774,8.07993212596853,15.7112931402787
737501.5,1599.67053914139,3.86123240828215,13.1260669336382,1599.67053914139,3.86123240828215,13.1260669336382
737503,1593.20749218394,12.1675750821807,NaN,1595.86815926713,12.051010993813,NaN
737503.5,1597.80968606494,18.6881894920482,16.836062210092,1597.80968606494,18.6881894920482,16.836062210092
737505,NaN,NaN,NaN,NaN,NaN,NaN
737505.5,1586.46293257499,14.653876258591,18.8390346474596,1586.46293257499,14.653876258591,18.8390346474596
737527,1562.99714607261,15.7750649480313,NaN,1563.66576373649,15.7310450725743,NaN
737527.5,NaN,NaN,NaN,NaN,NaN,NaN
737530,NaN,NaN,NaN,NaN,NaN,NaN
737530.5,1575.32434514641,28.98375880615,27.468074968755,1575.32434514641,28.98375880615,27.468074968755
737532,NaN,NaN,NaN,NaN,NaN,NaN
737532.5,1629.84262027498,-0.391943648988672,NaN,1629.84262027498,-0.391943648988672,NaN
737533,NaN,NaN,NaN,NaN,NaN,NaN
737533.5,1599.67519037731,6.43688168826247,13.4271153261759,1599.67519037731,6.43688168826247,13.4271153261759
737534,1611.846021659,10.7083433894777,13.3257940418714,1615.99938284247,9.72223722535477,12.3523752897181
737534.5,1629.67646489693,-5.93095071714561,-4.60462203812426,1629.67646489693,-5.93095071714561,-4.60462203812426
737535,NaN,NaN,NaN,NaN,NaN,NaN
737535.5,1615.12015002186,-9.05798891508084,2.574820687699,1615.12015002186,-9.05798891508084,2.574820687699
737536,NaN,NaN,NaN,NaN,NaN,NaN
737536.5,1586.97356435132,2.88035839476106,8.06638792517128,1586.97356435132,2.88035839476106,8.06638792517128
737538,1645.76914478399,-21.5810060311476,-19.7399816252428,1650.29275717308,-23.0230253495786,-21.9143049084789
737538.5,NaN,NaN,NaN,NaN,NaN,NaN
737540,1611.50864469425,6.11934000321753,3.74401959542502,1614.04577835794,5.58537094519988,3.01911593573482
737540.5,NaN,NaN,NaN,NaN,NaN,NaN
737543,1597.01528224963,10.1303940494699,12.4370142565285,1601.88028682922,8.37053863119991,10.3662005548904
737543.5,1580.24866293939,23.7953668613623,31.8097684068384,1580.24866293939,23.7953668613623,31.8097684068384
737544,1618.6249353246,-0.837177949669922,1.04612510147285,1617.93528191637,-0.447000849682126,1.92613481612921
737544.5,1590.67594409771,1.19959843896208,NaN,1590.67594409771,1.19959843896208,NaN
737546,NaN,NaN,NaN,NaN,NaN,NaN
737546.5,1582.51140057103,19.870547501486,27.4796733537755,1582.51140057103,19.870547501486,27.4796733537755
737548,NaN,NaN,NaN,NaN,NaN,NaN
737548.5,1582.99776570861,21.4218517389997,30.629134303274,1582.99776570861,21.4218517389997,30.629134303274
737549,NaN,NaN,NaN,NaN,NaN,NaN
737549.5,1565.96388812602,11.6237785251787,14.5246931073787,1565.96388812602,11.6237785251787,14.5246931073787
737550,1602.14230276953,7.58737722833916,16.6314076284841,1604.22313210291,7.27944978643495,15.7715940543037
737550.5,1577.74436540237,7.78494278204516,16.6246085638845,1577.74436540237,7.78494278204516,16.6246085638845
737551,NaN,NaN,NaN,NaN,NaN,NaN
737551.5,1593.41677571846,3.94093633044713,14.5510092782611,1593.41677571846,3.94093633044713,14.5510092782611
737553,1596.49691878588,3.27401544366103,5.28526014149043,1598.82023791246,3.00978368631877,4.57671906484029
737553.5,1605.22086508938,11.5753161924442,10.0220543279297,1605.22086508938,11.5753161924442,10.0220543279297
737554,NaN,NaN,NaN,NaN,NaN,NaN
737554.5,1579.57764904028,25.7594170440905,32.882509442705,1579.57764904028,25.7594170440905,32.882509442705
737555,1598.31082847322,17.318738849797,17.7232641740393,1594.73278143874,19.4969484220919,20.6876331638694
737555.5,1593.04463243562,16.5393972088013,10.5912167143886,1593.04463243562,16.5393972088013,10.5912167143886
737556,1596.51716308721,0.370280699773048,9.74700102337761,1601.83701553224,-0.35702324467411,7.70180446248878
737556.5,1612.90196570418,4.85105144564341,0.941094786476469,1612.90196570418,4.85105144564341,0.941094786476469
737557,NaN,NaN,NaN,NaN,NaN,NaN
737557.5,1622.05223464833,4.92874108798628,6.0886873433451,1622.05223464833,4.92874108798628,6.0886873433451
737558,1610.36775612832,-7.65828488982152,0.0409339127518251,1609.99795505469,-6.61899021512409,1.68443518007166
737558.5,1593.50474697292,-0.048593520555869,5.30323264872618,1593.50474697292,-0.048593520555869,5.30323264872618
737559,NaN,NaN,NaN,NaN,NaN,NaN
737559.5,1588.84488206243,-0.852353351459669,2.62465140733138,1588.84488206243,-0.852353351459669,2.62465140733138
737561,1602.77904843441,-0.503617962285944,6.68543728172062,1605.6598502835,-0.52764873967044,5.53982474885083
737561.5,1573.11235718971,14.9023803837065,23.2589985352224,1573.11235718971,14.9023803837065,23.2589985352224
737562,1625.94549351138,-14.2160036913613,-10.1223206268935,1629.24687239382,-14.9229473418563,-12.0020414208707
737562.5,1631.19964332679,-20.3554577393147,-11.1497087044449,1631.19964332679,-20.3554577393147,-11.1497087044449
737564,1563.66927938035,18.2212489537214,24.1818706092688,1569.44023304173,16.723589448465,21.2305395009432
737564.5,1639.32507197754,5.21856211121121,-7.93706374833482,1639.32507197754,5.21856211121121,-7.93706374833482
737565,1621.5669066632,0.273911833816555,4.42649992939187,1626.65573230559,-1.71506958392843,1.40965824742943
737565.5,1619.49460477793,5.19409837781996,NaN,1619.49460477793,5.19409837781996,NaN
737567,1582.3740088993,22.7625836745297,33.4091702549351,1585.46489241694,22.4038155624482,32.7156778228998
737567.5,NaN,NaN,NaN,NaN,NaN,NaN
737568,1614.28289719679,-2.21053620387011,9.24885962855387,1616.24948974622,-2.04940358846534,8.53320711082597
737568.5,1620.84582604764,-4.06654899752448,-0.397435892938802,1620.84582604764,-4.06654899752448,-0.397435892938802
737569,1582.12115478999,3.65189688994656,18.2245131555208,1585.42131327188,3.3890100640856,16.9077984028274
737569.5,NaN,NaN,NaN,NaN,NaN,NaN
737570,1615.57732791584,-7.01244848232568,2.12827217277891,1610.90998030832,-2.72324086039703,6.05079235283961
737570.5,NaN,NaN,NaN,NaN,NaN,NaN
737571,NaN,NaN,NaN,NaN,NaN,NaN
737571.5,1603.97848103642,6.62272603624479,16.7611878706173,1603.97848103642,6.62272603624479,16.7611878706173
737573,1575.82758790758,10.219517247707,16.9644490521259,1580.03454428651,9.58360149499185,15.1280677720797
737573.5,NaN,NaN,NaN,NaN,NaN,NaN
737574,1619.24180615915,5.16107261134357,7.04052385601608,1621.86555480864,5.37140642289523,5.58241783512017
737574.5,1581.05540602234,21.5876598563545,24.726828294881,1581.05540602234,21.5876598563545,24.726828294881
737576,1591.97671350009,15.2638389245978,NaN,1596.4169151925,14.1473961755917,NaN
737576.5,NaN,NaN,NaN,NaN,NaN,NaN
737577,NaN,NaN,NaN,NaN,NaN,NaN
737577.5,1625.66533091938,3.98319540310285,1.97534654401966,1625.66533091938,3.98319540310285,1.97534654401966
737578,1614.85819733017,4.96659879425079,5.22128864876731,1617.56403894902,4.89475933149265,5.17185847763881
737578.5,1594.35283758369,9.87753100840905,15.1849122515653,1594.35283758369,9.87753100840905,15.1849122515653
737579,1633.31577419759,-5.63840886849152,NaN,1635.31947442436,-5.62275666806522,NaN
737579.5,NaN,NaN,NaN,NaN,NaN,NaN
737584,1607.78608741313,10.4539746586247,17.3525970246947,1612.39350191651,9.91148303731461,15.4669485554537
737584.5,NaN,NaN,NaN,NaN,NaN,NaN
737585,1613.09144557533,6.32140168916339,5.98889618445492,1618.75891915387,5.28409676931278,3.90753575011922
737585.5,NaN,NaN,NaN,NaN,NaN,NaN
737586,1618.99873666942,4.13450666368021,7.62190299028862,1622.01186370376,3.65058476526133,6.46035882078036
737586.5,1607.58366675355,4.09222167228882,13.6134503314997,1607.58366675355,4.09222167228882,13.6134503314997
737587,1653.42558931752,-5.84310888730988,NaN,1659.35290099564,-6.74255328798768,NaN
737587.5,NaN,NaN,NaN,NaN,NaN,NaN
737611,1600.38354716903,15.4581273471786,15.5775732306163,1602.8461149179,15.6771665831691,15.2345149490334
737611.5,NaN,NaN,NaN,NaN,NaN,NaN
737612,1615.15360306909,3.65412064248699,10.4614551805732,1619.76770372056,2.73969791243076,8.45866728575561
737612.5,1593.52925948583,13.3482434673815,17.4641384808997,1593.52925948583,13.3482434673815,17.4641384808997
737613,1599.46813336718,13.6012737520539,17.6065900587041,1603.39883156529,12.2540859881783,15.5238790613082
737613.5,NaN,NaN,NaN,NaN,NaN,NaN
737614,1605.64640942924,1.30210762786783,9.08779940729278,1609.25674451755,0.929438840465309,6.73106402680446
737614.5,NaN,NaN,NaN,NaN,NaN,NaN
737615,1613.69167601584,12.5747333277288,11.6270605629293,1614.34039350965,13.1739819769607,12.2659539274421
737615.5,NaN,NaN,NaN,NaN,NaN,NaN
737616,1619.83576909295,4.13643381905081,5.05660098189855,1619.67106585927,5.53429156485208,6.36495146553602
737616.5,NaN,NaN,NaN,NaN,NaN,NaN
737617,1614.9284241756,6.71177477827996,10.4704243421497,1619.4208540604,6.18914077970521,8.11841300280503
737617.5,NaN,NaN,NaN,NaN,NaN,NaN
737621,1622.57582225612,2.00253185726137,7.89064426263553,1624.27912583573,2.52208253595518,7.55224599398798
737621.5,1628.96553160757,-3.15536979103308,0.763248847563091,1628.96553160757,-3.15536979103308,0.763248847563091
737622,1613.26940961815,6.53113449433408,NaN,1614.79198703764,6.39165388031438,NaN
737622.5,NaN,NaN,NaN,NaN,NaN,NaN
737624,NaN,NaN,NaN,NaN,NaN,NaN
737624.5,1614.18038529645,6.77006495516048,2.61635388709442,1614.18038529645,6.77006495516048,2.61635388709442
737625,NaN,NaN,NaN,NaN,NaN,NaN
737625.5,1619.23577171387,-8.41370574386701,-1.15357925729995,1619.23577171387,-8.41370574386701,-1.15357925729995
737626,NaN,NaN,NaN,NaN,NaN,NaN
737626.5,1635.60975179107,-3.86248612754434,-0.32882917296979,1635.60975179107,-3.86248612754434,-0.32882917296979
737627,1617.73570925879,-2.52191239969602,8.8561266632455,1619.07264015046,-2.3017724928452,8.65433977538351
737627.5,NaN,NaN,NaN,NaN,NaN,NaN
