%Date etc_1_am etc_1_pm slope_1_am slope_1_pm  etc_2_am etc_2_pm slope_2_am slope_2_pm
736330.000000 1640.5    NaN  916.61     NaN 1633.7    NaN  917.20     NaN 
736332.000000 1606.5 1628.2  915.89  898.60 1598.3 1619.7  916.78  899.47 
736333.000000 1613.7 1616.9  873.64  878.07 1606.9 1609.2  874.24  878.64 
736336.000000 1599.1    NaN  882.54     NaN 1593.4    NaN  882.81     NaN 
736337.000000 1621.3    NaN  831.60     NaN 1614.0    NaN  832.38     NaN 
736339.000000 1577.7 1591.8  877.81  870.73 1569.1 1584.6  879.18  870.98 
736340.000000 1611.0 1635.0  849.73  834.30 1603.9 1627.2  850.29  834.89 
736341.000000    NaN 1615.9     NaN  872.77    NaN 1608.9     NaN  872.97 
736349.000000 1629.9    NaN  977.33     NaN 1623.5    NaN  977.83     NaN 
736351.000000 1640.5    NaN  881.89     NaN 1634.6    NaN  882.29     NaN 
736356.000000 1623.0    NaN  919.35     NaN 1616.3    NaN  919.99     NaN 
736360.000000 1621.7 1615.8  862.99  873.45 1616.5 1610.3  863.24  873.59 
736372.000000 1618.8    NaN  949.75     NaN 1611.6    NaN  950.51     NaN 
736375.000000 1611.7 1628.0  922.73  917.44 1606.6 1622.9  922.98  917.66 
736377.000000 1580.5    NaN  924.54     NaN 1574.2    NaN  925.05     NaN 
736390.000000 1600.0    NaN 1067.21     NaN 1593.8    NaN 1067.63     NaN 
736393.000000 1626.3    NaN  970.31     NaN 1620.7    NaN  970.75     NaN 
736396.000000 1602.6 1623.9 1058.55 1040.37 1596.9 1618.6 1059.20 1040.45 
736398.000000 1599.4    NaN 1156.82     NaN 1594.7    NaN 1156.96     NaN 
736400.000000 1599.7    NaN  977.70     NaN 1591.4    NaN  979.75     NaN 
736404.000000 1609.9 1624.6 1009.69  993.39 1602.0 1616.5 1010.73  993.89 
736408.000000 1602.5 1595.1  979.75  983.58 1595.7 1588.7  980.36  983.97 
736411.000000 1622.0    NaN 1103.44     NaN 1613.5    NaN 1106.06     NaN 
736416.000000 1617.3    NaN 1067.28     NaN 1610.3    NaN 1068.12     NaN 
736421.000000 1635.7    NaN  988.83     NaN 1628.1    NaN  989.83     NaN 
736424.000000    NaN 1634.4     NaN 1105.40    NaN 1628.8     NaN 1105.57 
736429.000000 1613.8    NaN 1006.00     NaN 1607.8    NaN 1006.48     NaN 
736432.000000    NaN 1629.5     NaN 1063.39    NaN 1622.8     NaN 1063.57 
736433.000000 1626.5    NaN 1037.42     NaN 1619.8    NaN 1038.19     NaN 
736440.000000 1604.7    NaN 1004.26     NaN 1599.0    NaN 1004.75     NaN 
736443.000000 1611.9    NaN  988.81     NaN 1604.5    NaN  989.60     NaN 
736463.000000    NaN 1624.8     NaN  997.88    NaN 1618.3     NaN  998.30 
736464.000000 1614.3    NaN 1011.40     NaN 1608.6    NaN 1011.74     NaN 
736465.000000 1609.9    NaN 1011.72     NaN 1602.7    NaN 1012.37     NaN 
736467.000000 1615.2    NaN 1047.08     NaN 1609.0    NaN 1047.58     NaN 
736468.000000 1601.0 1613.1 1058.72 1061.00 1594.4 1606.8 1059.39 1061.27 
736469.000000 1613.9 1595.3 1045.85 1081.93 1607.5 1587.7 1046.31 1082.17 
736471.000000 1609.4 1635.5 1111.37 1082.30 1603.4 1629.5 1111.67 1082.24 
736473.000000 1607.6 1626.8 1056.28 1030.62 1601.0 1617.8 1056.64 1031.20 
736474.000000 1620.6 1604.3 1024.81 1049.27 1612.9 1595.5 1025.62 1049.93 
736475.000000 1627.0 1613.5 1035.14 1036.17 1621.0 1606.1 1035.45 1036.41 
736479.000000 1610.9    NaN  943.34     NaN 1602.3    NaN  944.58     NaN 
736480.000000 1613.0 1612.4  952.50  959.32 1607.3 1605.2  952.77  959.64 
736481.000000 1621.6 1621.9  945.88  950.04 1613.8 1614.1  946.68  950.40 
736483.000000 1594.9 1630.0  970.04  953.08 1587.2 1622.5  970.81  953.57 
736484.000000    NaN 1615.3     NaN  977.29    NaN 1607.8     NaN  977.72 
736485.000000 1602.0 1625.5  979.90  970.06 1594.6 1618.2  980.59  970.33 
736487.000000 1618.0    NaN  981.17     NaN 1608.7    NaN  982.66     NaN 
736488.000000 1573.4    NaN  996.21     NaN 1566.2    NaN  996.71     NaN 
736494.000000    NaN 1611.9     NaN 1043.59    NaN 1602.6     NaN 1044.11 
736495.000000 1610.8    NaN 1025.86     NaN 1602.9    NaN 1026.71     NaN 
736496.000000 1622.3 1615.3  965.60  960.44 1616.6 1608.8  965.82  960.60 
736497.000000 1605.2    NaN  968.20     NaN 1599.1    NaN  968.59     NaN 
736499.000000 1610.2 1613.9  942.20  945.06 1602.7 1606.2  942.85  945.23 
736500.000000 1621.6 1622.8  941.56  944.51 1612.4 1613.3  942.64  945.16 
736501.000000 1625.9 1598.2  947.44  989.74 1618.8 1590.2  947.83  990.10 
736502.000000 1612.1 1611.9  980.21  993.36 1602.4 1601.9  981.63  993.77 
736508.000000 1598.0 1616.5 1021.99 1013.85 1591.5 1608.3 1022.41 1014.25 
736509.000000 1593.0 1606.0  982.21  985.53 1585.5 1597.3  982.89  985.62 
736510.000000 1617.3 1608.4  981.59  990.67 1609.2 1599.0  982.54  991.34 
736511.000000 1611.8 1595.4  999.10 1006.22 1605.8 1586.6  999.35 1006.84 
736512.000000 1611.7 1600.8  988.85 1004.92 1604.0 1592.3  989.64 1005.53 
736513.000000 1631.9 1617.1  974.88  991.43 1625.8 1609.0  975.13  991.94 
736514.000000    NaN 1630.1     NaN  968.91    NaN 1621.4     NaN  969.35 
736515.000000 1622.6 1615.2  964.23  986.53 1612.8 1604.4  965.38  987.46 
736516.000000 1616.7 1613.2  972.80  975.16 1606.1 1602.9  974.43  975.96 
736517.000000 1604.0 1606.7  969.36  967.96 1595.2 1598.1  970.36  968.52 
736518.000000 1608.8 1619.1  953.94  957.17 1601.3 1609.4  954.58  957.99 
736519.000000 1607.2 1611.8  973.70  975.80 1599.4 1603.0  974.40  976.29 
736520.000000 1606.6 1610.9  976.21  980.80 1599.0 1602.7  976.89  981.03 
736521.000000 1614.4    NaN  961.84     NaN 1606.7    NaN  962.58     NaN 
736522.000000 1605.1 1603.0  974.85  979.89 1598.7 1594.6  975.29  980.66 
736523.000000 1610.9    NaN  984.12     NaN 1603.7    NaN  984.68     NaN 
736528.000000 1613.5 1623.0  982.24  989.35 1604.9 1612.3  983.01  990.27 
736529.000000 1618.7    NaN  979.60     NaN 1609.8    NaN  980.54     NaN 
736539.000000 1615.4    NaN  992.70     NaN 1606.6    NaN  993.59     NaN 
736540.000000 1605.2    NaN  989.53     NaN 1596.1    NaN  990.50     NaN 
736544.000000 1608.8 1617.1  968.06  971.35 1599.7 1606.2  968.77  971.77 
736545.000000 1621.0    NaN  953.95     NaN 1612.3    NaN  954.57     NaN 
736549.000000 1625.0 1628.2  976.26  976.55 1617.6 1619.5  976.67  977.05 
736550.000000 1603.1 1630.1 1019.28 1009.35 1594.7 1621.1 1020.06 1009.66 
736554.000000 1616.1 1599.4  953.07  969.95 1607.4 1589.7  953.72  970.60 
736555.000000 1591.6 1602.5  968.34  974.72 1583.6 1593.6  968.94  975.25 
736556.000000 1618.5 1596.4  965.03  983.67 1611.8 1589.3  965.62  984.02 
736557.000000    NaN 1613.7     NaN  981.06    NaN 1604.3     NaN  981.74 
736558.000000 1613.2 1621.3  972.35  969.52 1604.8 1611.6  973.11  969.66 
736561.000000 1614.8 1609.9  980.49  993.83 1606.1 1599.7  981.44  994.79 
736562.000000 1617.1 1619.1  970.18  993.14 1609.6 1611.4  970.84  992.92 
736565.000000    NaN 1617.3     NaN  961.80    NaN 1608.7     NaN  962.19 
736566.000000 1613.2 1600.0  948.04  967.36 1604.7 1591.3  949.01  967.86 
736567.000000    NaN 1621.7     NaN  975.96    NaN 1610.4     NaN  977.08 
736568.000000 1616.9 1622.2  967.81  968.20 1608.9 1612.8  968.56  968.55 
736573.000000 1631.8 1604.5  937.98  979.42 1624.6 1595.3  938.67  980.18 
736574.000000 1609.0 1607.6  995.93 1004.66 1601.7 1601.0  996.50 1004.33 
736575.000000 1606.0    NaN 1019.21     NaN 1597.3    NaN 1020.16     NaN 
736576.000000    NaN 1605.0     NaN  976.68    NaN 1595.5     NaN  977.18 
736579.000000 1598.4    NaN  959.19     NaN 1590.1    NaN  959.90     NaN 
736580.000000 1619.8 1621.8  972.54  967.77 1610.5 1612.7  973.66  968.03 
736581.000000 1596.3 1625.2  967.53  926.40 1586.1 1615.2  968.74  927.16 
736582.000000 1611.0 1612.1  925.37  924.94 1602.6 1602.3  926.23  925.37 
736583.000000 1627.7 1604.4  922.32  941.64 1617.7 1593.9  923.55  942.59 
736584.000000 1620.9    NaN  938.14     NaN 1611.0    NaN  939.52     NaN 
736586.000000 1601.9    NaN  970.36     NaN 1593.2    NaN  971.38     NaN 
736587.000000 1595.5 1601.9  974.82  975.26 1588.9 1595.4  975.40  975.39 
736588.000000 1609.2 1609.5  961.56  955.30 1601.9 1603.0  962.25  955.50 
736589.000000 1637.5 1608.0  946.08  960.74 1629.1 1600.4  947.38  961.25 
736590.000000 1609.0    NaN  958.76     NaN 1598.3    NaN  961.20     NaN 
736592.000000    NaN 1608.4     NaN  926.97    NaN 1599.8     NaN  927.41 
736593.000000 1619.6 1605.3  909.91  928.91 1609.1 1596.1  912.03  929.42 
736594.000000 1585.8 1613.2  957.17  937.65 1578.3 1604.5  957.94  938.17 
736595.000000 1611.7 1599.8  940.49  955.33 1602.1 1591.4  941.97  955.98 
736596.000000 1616.9 1619.5  943.15  951.22 1608.7 1610.2  944.16  951.93 
736597.000000    NaN 1610.6     NaN  944.06    NaN 1602.5     NaN  944.32 
736598.000000 1609.6 1593.3  938.63  956.33 1602.5 1585.4  939.23  956.81 
736599.000000    NaN 1621.4     NaN  910.41    NaN 1614.2     NaN  910.17 
736600.000000    NaN 1602.8     NaN  911.93    NaN 1592.7     NaN  912.54 
736601.000000    NaN 1606.1     NaN  979.65    NaN 1596.7     NaN  980.31 
736602.000000    NaN 1632.8     NaN  961.67    NaN 1623.1     NaN  962.26 
736604.000000 1627.2 1612.3  941.47  947.00 1617.6 1602.9  942.92  947.57 
736610.000000    NaN 1609.8     NaN  906.92    NaN 1603.3     NaN  907.12 
736611.000000 1634.0    NaN  907.78     NaN 1624.9    NaN  908.97     NaN 
736612.000000    NaN 1615.4     NaN  927.01    NaN 1605.7     NaN  927.76 
736613.000000 1603.0 1623.1  917.95  890.08 1592.0 1613.1  919.83  890.96 
736614.000000 1621.8 1617.3  876.24  883.88 1613.0 1608.6  877.39  884.68 
736615.000000 1612.8 1617.4  918.48  915.36 1604.0 1610.7  920.48  915.53 
736616.000000    NaN 1634.1     NaN  907.91    NaN 1627.7     NaN  908.27 
736643.000000 1617.5 1595.8  936.83  950.94 1611.3 1588.2  937.22  951.31 
736650.000000 1624.5    NaN  929.09     NaN 1619.2    NaN  929.44     NaN 
736651.000000 1593.7    NaN  905.26     NaN 1587.5    NaN  905.71     NaN 
736654.000000 1641.0    NaN  929.26     NaN 1634.2    NaN  929.82     NaN 
736670.000000    NaN 1626.6     NaN  855.99    NaN 1619.2     NaN  856.04 
736674.000000    NaN 1639.4     NaN  912.06    NaN 1633.3     NaN  912.37 
736678.000000 1656.1 1584.1  876.05  923.19 1649.5 1577.8  876.86  923.51 
736679.000000 1631.9    NaN  877.69     NaN 1626.0    NaN  877.99     NaN 
736680.000000 1637.4    NaN  840.40     NaN 1631.5    NaN  841.00     NaN 
736696.000000 1648.2 1611.6  845.49  870.21 1642.5 1606.4  845.89  870.23 
736699.000000 1640.8    NaN  878.05     NaN 1635.3    NaN  878.40     NaN 
736701.000000    NaN 1582.0     NaN  975.12    NaN 1576.5     NaN  975.50 
736709.000000 1602.1 1621.3  922.98  920.50 1597.0 1616.3  923.24  920.45 
736714.000000 1642.8 1604.0  941.28  965.89 1637.6 1598.5  941.69  966.21 
736717.000000    NaN 1647.2     NaN  969.95    NaN 1642.9     NaN  969.95 
736722.000000 1583.3 1632.3  948.98  902.52 1577.2 1625.9  949.38  902.63 
736723.000000    NaN 1639.6     NaN  922.44    NaN 1631.5     NaN  922.80 
736724.000000 1596.2    NaN  938.35     NaN 1589.2    NaN  939.05     NaN 
736730.000000 1627.4 1628.5  888.50  881.55 1620.9 1621.2  888.97  881.73 
736731.000000 1617.5 1641.2  877.75  864.54 1612.1 1635.8  878.00  864.69 
736732.000000 1637.7 1604.9  879.96  904.35 1631.7 1599.2  880.34  904.28 
736733.000000 1623.8 1605.3  899.15  911.51 1615.4 1597.9  900.48  911.79 
736742.000000    NaN 1587.0     NaN  933.67    NaN 1581.3     NaN  933.81 
736743.000000    NaN 1626.6     NaN  951.17    NaN 1621.4     NaN  951.30 
736745.000000    NaN 1616.4     NaN  881.55    NaN 1610.1     NaN  881.97 
736748.000000 1589.9    NaN 1035.22     NaN 1585.0    NaN 1035.56     NaN 
736753.000000    NaN 1609.6     NaN 1030.13    NaN 1603.3     NaN 1030.09 
736758.000000    NaN 1633.1     NaN 1027.17    NaN 1626.9     NaN 1027.55 
736763.000000 1608.5 1608.0  899.13  898.11 1601.8 1600.9  899.71  898.37 
736765.000000    NaN 1608.4     NaN  921.15    NaN 1601.8     NaN  921.42 
736766.000000 1613.9 1615.6  932.50  935.89 1608.4 1610.5  932.81  935.89 
736767.000000    NaN 1603.1     NaN  974.70    NaN 1597.7     NaN  974.81 
736768.000000    NaN 1615.8     NaN 1000.39    NaN 1609.2     NaN 1000.82 
736782.000000 1614.1 1619.7 1022.72 1016.11 1608.4 1611.1 1023.01 1016.85 
736788.000000 1616.4 1610.2  973.21  984.19 1607.7 1600.7  974.24  984.87 
736789.000000 1626.2 1595.7  972.15  998.62 1619.7 1588.1  972.69  999.38 
736791.000000 1635.4    NaN 1083.62     NaN 1628.8    NaN 1084.26     NaN 
736792.000000 1605.2 1607.4 1056.64 1048.67 1599.5 1601.5 1057.08 1048.88 
736794.000000 1625.3 1607.1 1080.51 1098.79 1617.8 1598.8 1081.40 1099.71 
736798.000000    NaN 1597.6     NaN  998.38    NaN 1590.4     NaN  999.00 
736802.000000 1626.8    NaN  966.63     NaN 1619.9    NaN  967.19     NaN 
736804.000000 1603.8 1606.3 1020.20 1028.63 1596.9 1596.9 1020.77 1029.20 
736805.000000 1593.1    NaN 1035.70     NaN 1587.1    NaN 1036.05     NaN 
736806.000000 1606.1    NaN 1020.47     NaN 1600.7    NaN 1020.69     NaN 
736807.000000 1612.1    NaN 1001.24     NaN 1606.1    NaN 1001.71     NaN 
736818.000000    NaN 1600.5     NaN 1056.80    NaN 1591.2     NaN 1057.84 
736828.000000 1616.0 1636.9 1096.91 1095.16 1609.8 1630.2 1097.43 1095.53 
736833.000000 1623.1    NaN  935.91     NaN 1617.2    NaN  936.16     NaN 
736835.000000    NaN 1624.1     NaN  943.91    NaN 1615.7     NaN  944.38 
736837.000000 1628.2    NaN 1030.30     NaN 1618.6    NaN 1031.81     NaN 
736839.000000 1605.9 1621.4 1014.56 1012.56 1599.4 1614.3 1014.92 1012.97 
736841.000000    NaN 1633.8     NaN 1044.58    NaN 1625.4     NaN 1045.02 
736844.000000 1619.4 1603.9 1006.24 1035.97 1612.1 1596.2 1006.99 1036.29 
736845.000000    NaN 1607.7     NaN 1054.93    NaN 1602.1     NaN 1055.05 
736846.000000 1607.4 1606.0 1039.61 1052.25 1601.5 1598.7 1039.90 1052.47 
736847.000000 1609.4 1635.5 1042.48 1019.21 1602.5 1626.8 1042.99 1019.75 
736848.000000 1596.3 1594.6 1002.86 1003.87 1588.5 1586.6 1003.75 1004.61 
736849.000000 1620.3 1607.7 1004.25 1009.76 1613.5 1599.8 1004.78 1010.45 
736850.000000 1605.3 1619.5 1038.53 1036.72 1598.0 1609.7 1039.19 1037.43 
736854.000000 1622.5 1604.0  999.93 1021.66 1612.1 1593.5 1001.45 1022.21 
736855.000000    NaN 1607.4     NaN  999.02    NaN 1597.8     NaN  999.45 
736856.000000 1625.9    NaN 1003.70     NaN 1619.0    NaN 1004.12     NaN 
736857.000000    NaN 1620.9     NaN 1018.84    NaN 1611.4     NaN 1019.62 
736860.000000 1601.1    NaN  989.43     NaN 1593.2    NaN  990.14     NaN 
736861.000000 1635.6 1595.7  959.73  979.45 1630.5 1589.5  959.73  979.35 
736862.000000 1627.2 1612.7  956.67  975.41 1619.5 1602.1  957.32  975.96 
736863.000000 1628.3 1613.7  966.91  994.39 1619.3 1604.3  967.94  994.96 
736864.000000 1610.7 1622.4  965.45  971.58 1600.0 1613.2  967.80  972.08 
736865.000000 1600.5    NaN  960.14     NaN 1590.6    NaN  961.52     NaN 
736866.000000 1600.8 1617.7  973.74  958.55 1591.1 1608.1  974.95  959.23 
736874.000000    NaN 1615.4     NaN  955.92    NaN 1606.6     NaN  956.29 
736875.000000 1617.0    NaN  962.15     NaN 1610.7    NaN  962.42     NaN 
736876.000000 1616.1 1622.1  958.69  963.74 1609.7 1613.9  959.07  964.34 
736877.000000 1627.1 1618.9  950.81  981.26 1619.4 1612.2  951.52  980.62 
736878.000000 1614.1 1619.1  969.04  976.26 1604.6 1610.0  970.23  976.38 
736879.000000 1608.1 1603.4  975.41  988.64 1599.2 1593.6  976.29  989.30 
736880.000000 1624.8 1612.2  992.65 1000.56 1616.2 1603.2  993.64 1001.25 
736881.000000 1591.7 1590.7 1005.29 1012.51 1585.2 1583.6 1005.70 1012.99 
736882.000000    NaN 1613.8     NaN 1016.05    NaN 1605.4     NaN 1016.20 
736883.000000 1629.1 1624.1  993.38  998.88 1618.4 1613.1  995.28  999.96 
736884.000000 1619.4 1615.3 1000.65 1013.31 1610.4 1606.4 1001.66 1013.79 
736885.000000 1606.1 1613.8 1006.39 1003.86 1598.0 1606.0 1007.25 1004.37 
736886.000000 1609.6 1600.5 1005.01 1032.34 1601.6 1591.3 1005.94 1033.23 
736887.000000 1624.6    NaN 1045.54     NaN 1616.4    NaN 1046.36     NaN 
736888.000000 1605.1 1605.4 1006.39 1019.62 1595.4 1594.2 1007.62 1020.68 
736895.000000 1608.0 1610.6 1008.94 1011.73 1598.4 1602.0 1010.01 1012.10 
736896.000000 1600.2 1624.5  996.07  973.58 1592.4 1616.5  996.66  974.02 
736897.000000 1628.2 1603.5  988.16 1016.26 1621.1 1596.5  988.76 1016.47 
736898.000000 1623.7 1623.7 1021.18 1028.44 1615.7 1615.2 1022.01 1028.72 
736899.000000 1608.5 1608.9 1019.06 1013.96 1601.5 1601.2 1019.60 1013.85 
736906.000000    NaN 1595.0     NaN  991.99    NaN 1582.0     NaN  993.65 
736907.000000 1604.2 1624.9 1004.23  995.06 1592.4 1612.8 1006.34  996.96 
736908.000000 1602.9 1619.4 1007.46 1001.46 1592.0 1608.8 1009.38 1002.72 
736909.000000 1625.6 1620.3  972.92  967.97 1615.1 1608.5  974.70  969.80 
736910.000000 1624.4 1604.2  962.40  987.17 1614.5 1591.2  963.61  989.37 
736911.000000 1621.1 1622.8  983.13  993.30 1605.8 1609.1  987.48  995.27 
736912.000000 1617.3 1610.7  968.98  976.83 1606.4 1598.6  970.77  978.07 
736919.000000    NaN 1622.0     NaN  951.76    NaN 1611.7     NaN  952.89 
736920.000000    NaN 1621.1     NaN  955.00    NaN 1610.2     NaN  956.15 
736921.000000 1608.6 1613.1  960.05  966.49 1596.7 1602.1  962.11  967.69 
736922.000000    NaN 1618.7     NaN  976.43    NaN 1604.7     NaN  978.84 
736923.000000 1605.1 1613.3  981.20  975.21 1592.7 1600.3  983.29  976.52 
736924.000000    NaN 1612.9     NaN  969.95    NaN 1599.7     NaN  971.76 
736925.000000 1620.2    NaN  965.18     NaN 1607.9    NaN  967.35     NaN 
736926.000000 1616.8    NaN  965.96     NaN 1604.7    NaN  967.97     NaN 
736931.000000 1610.6    NaN  945.21     NaN 1599.5    NaN  946.84     NaN 
736936.000000    NaN 1604.7     NaN  968.69    NaN 1593.7     NaN  970.63 
736937.000000 1618.6 1607.8  978.06  999.49 1610.6 1598.3  979.28 1000.78 
736938.000000 1605.0 1621.6  981.72  978.23 1594.5 1610.9  983.69  980.22 
736940.000000 1610.2    NaN  949.91     NaN 1599.1    NaN  952.08     NaN 
736941.000000 1625.2 1631.8  930.22  924.58 1613.8 1619.5  932.01  925.85 
736943.000000    NaN 1607.2     NaN  941.93    NaN 1595.1     NaN  943.46 
736944.000000 1606.5    NaN  945.46     NaN 1596.4    NaN  947.21     NaN 
736948.000000 1622.6 1608.8  947.46  968.06 1613.0 1598.4  948.87  969.61 
736949.000000 1613.6    NaN  957.93     NaN 1602.8    NaN  960.21     NaN 
736950.000000 1624.4 1611.9  967.00  976.46 1616.9 1602.3  967.67  977.85 
736951.000000 1582.3 1607.6  986.41  972.16 1572.2 1597.7  988.30  973.39 
736960.000000 1603.9 1608.8  986.31  983.67 1593.7 1599.6  988.23  984.55 
736966.000000    NaN 1601.5     NaN  962.60    NaN 1592.1     NaN  963.77 
736967.000000    NaN 1618.8     NaN  960.01    NaN 1608.7     NaN  961.82 
736969.000000 1608.6 1610.9  972.90  966.06 1600.2 1601.8  974.02  967.23 
736970.000000 1616.9 1622.5  974.53  974.90 1606.3 1612.4  976.57  975.98 
736971.000000 1629.4 1626.5  956.24  954.56 1619.4 1617.4  957.98  955.10 
736972.000000 1619.7 1619.1  950.70  951.09 1608.2 1607.2  952.85  952.66 
736973.000000 1621.7 1614.7  948.92  965.57 1612.9 1605.0  950.01  966.87 
736974.000000 1620.1    NaN  965.04     NaN 1610.9    NaN  966.35     NaN 
736975.000000 1629.4 1620.2  941.36  951.75 1619.1 1610.4  943.46  953.24 
736987.000000 1614.9 1628.0  934.50  918.57 1606.2 1619.0  935.92  919.86 
736988.000000 1603.4    NaN  907.17     NaN 1593.6    NaN  908.98     NaN 
736993.000000    NaN 1618.1     NaN  899.21    NaN 1608.8     NaN  900.44 
736997.000000 1599.5 1625.3  932.46  910.27 1590.2 1614.7  933.83  911.72 
736998.000000 1617.6 1606.9  934.09  946.39 1606.2 1595.6  936.30  948.05 
736999.000000 1628.3 1625.1  942.41  945.60 1617.2 1615.5  944.79  946.49 
737000.000000 1620.6 1595.3  926.88  938.99 1611.7 1583.8  928.02  940.72 
737001.000000    NaN 1600.9     NaN  928.22    NaN 1589.1     NaN  930.52 
737007.000000    NaN 1618.3     NaN  991.49    NaN 1610.8     NaN  992.49 
737009.000000 1624.7    NaN  936.40     NaN 1617.5    NaN  937.37     NaN 
737010.000000 1593.4    NaN  941.47     NaN 1585.1    NaN  942.50     NaN 
737013.000000 1598.3    NaN  969.87     NaN 1590.1    NaN  971.43     NaN 
737017.000000 1589.4    NaN 1002.32     NaN 1582.2    NaN 1003.25     NaN 
737018.000000 1606.4    NaN  977.79     NaN 1597.4    NaN  979.45     NaN 
737021.000000 1612.8    NaN  935.48     NaN 1604.0    NaN  936.97     NaN 
737035.000000 1599.4 1616.1  939.35  917.52 1591.8 1608.1  940.50  918.68 
737036.000000 1637.6    NaN  914.55     NaN 1629.6    NaN  916.10     NaN 
737037.000000 1602.5 1625.4  913.69  903.84 1595.9 1617.7  914.54  905.08 
737039.000000 1629.6    NaN  956.61     NaN 1621.8    NaN  957.52     NaN 
737043.000000 1638.2 1627.3  912.32  915.35 1630.0 1618.4  913.88  916.74 
737044.000000 1603.5    NaN  973.60     NaN 1595.6    NaN  974.94     NaN 
737048.000000 1595.2 1593.5  927.93  934.09 1587.7 1585.5  929.03  935.05 
737049.000000 1599.7 1598.3  927.05  927.79 1589.2 1590.0  929.33  929.01 
737057.000000 1568.0 1609.6  949.18  927.60 1560.2 1601.7  950.43  928.75 
737061.000000 1616.1 1640.0  977.07  960.32 1608.6 1630.6  978.17  962.37 
737062.000000 1634.7 1615.7  963.13  982.52 1627.5 1609.0  964.37  983.37 
737064.000000 1607.2 1637.8  940.67  926.99 1600.1 1629.4  941.64  928.17 
737065.000000    NaN 1589.6     NaN  906.85    NaN 1581.6     NaN  908.00 
737070.000000 1633.2 1619.6  908.61  914.94 1624.6 1611.6  910.24  915.93 
737071.000000    NaN 1615.7     NaN  878.52    NaN 1607.4     NaN  879.31 
737079.000000 1619.6 1606.6  984.52  983.30 1605.7 1592.9  988.17  986.42 
737080.000000 1604.3 1625.5 1022.72 1000.02 1590.2 1611.4 1026.29 1003.49 
737085.000000 1635.2 1604.4  987.11 1002.75 1622.2 1590.6  990.03 1005.87 
737108.000000 1646.5 1612.6  976.47 1006.62 1636.2 1600.7  977.70 1008.59 
737124.000000 1622.3 1607.9  904.20  914.20 1608.1 1594.0  907.58  917.22 
737126.000000 1599.5    NaN  911.26     NaN 1585.8    NaN  914.32     NaN 
737127.000000 1618.9 1613.7  897.01  902.93 1604.4 1599.9  900.37  905.45 
737129.000000    NaN 1602.2     NaN  987.32    NaN 1588.2     NaN  990.40 
737130.000000 1596.0    NaN 1005.38     NaN 1583.1    NaN 1007.94     NaN 
737131.000000    NaN 1633.3     NaN 1001.34    NaN 1618.7     NaN 1004.50 
737132.000000 1622.5    NaN  984.96     NaN 1607.2    NaN  988.83     NaN 
737139.000000 1609.1 1591.5  961.18  973.66 1595.9 1577.5  964.39  976.91 
737140.000000    NaN 1600.6     NaN  959.03    NaN 1587.2     NaN  961.88 
737141.000000 1600.4 1609.8  953.93  948.98 1586.6 1596.5  957.29  951.74 
737142.000000 1613.4 1606.8  943.88  981.21 1600.2 1591.7  946.90  984.92 
737143.000000 1596.1    NaN 1004.44     NaN 1580.8    NaN 1008.69     NaN 
737144.000000    NaN 1594.3     NaN 1077.41    NaN 1580.5     NaN 1080.35 
737149.000000    NaN 1616.2     NaN 1124.78    NaN 1602.9     NaN 1127.50 
737153.000000 1619.0    NaN 1022.63     NaN 1612.2    NaN 1024.97     NaN 
737155.000000 1593.1    NaN 1001.80     NaN 1587.3    NaN 1003.82     NaN 
737160.000000 1615.2 1614.8 1089.35 1086.07 1608.2 1608.6 1091.84 1087.99 
737161.000000 1624.5 1612.5 1074.65 1080.56 1618.2 1605.9 1076.88 1082.91 
737162.000000 1616.7    NaN 1113.41     NaN 1609.7    NaN 1115.96     NaN 
737163.000000 1611.3    NaN 1064.14     NaN 1604.2    NaN 1066.52     NaN 
737164.000000 1607.4 1623.6 1047.18 1038.82 1601.9 1618.0 1048.69 1040.66 
737165.000000    NaN 1597.7     NaN 1069.81    NaN 1590.3     NaN 1072.17 
737166.000000 1615.5    NaN 1070.31     NaN 1610.0    NaN 1072.27     NaN 
737167.000000 1616.5    NaN 1105.37     NaN 1609.8    NaN 1107.70     NaN 
737175.000000    NaN 1624.1     NaN 1087.83    NaN 1616.8     NaN 1090.48 
737178.000000 1599.6 1603.8 1085.44 1078.89 1592.0 1597.9 1088.21 1080.88 
737190.000000 1604.7    NaN 1037.68     NaN 1598.2    NaN 1039.77     NaN 
737191.000000    NaN 1621.0     NaN 1067.02    NaN 1613.5     NaN 1069.64 
737193.000000 1610.8 1627.2 1033.02 1029.06 1604.9 1621.1 1035.08 1031.08 
737194.000000 1601.0    NaN 1044.62     NaN 1595.1    NaN 1046.94     NaN 
737195.000000    NaN 1608.0     NaN 1096.90    NaN 1601.3     NaN 1099.10 
737196.000000    NaN 1615.4     NaN 1128.31    NaN 1609.6     NaN 1130.19 
737197.000000    NaN 1620.4     NaN 1089.75    NaN 1614.5     NaN 1091.55 
737198.000000 1625.8    NaN 1078.20     NaN 1618.4    NaN 1081.10     NaN 
737199.000000 1627.1    NaN 1090.15     NaN 1620.6    NaN 1092.47     NaN 
737201.000000    NaN 1623.0     NaN 1108.25    NaN 1616.4     NaN 1110.55 
737207.000000    NaN 1591.8     NaN 1076.84    NaN 1584.8     NaN 1079.39 
737208.000000 1609.7 1601.1 1090.95 1086.15 1602.2 1592.7 1093.41 1089.38 
737209.000000 1605.5    NaN 1070.10     NaN 1598.6    NaN 1072.52     NaN 
737211.000000    NaN 1618.5     NaN 1078.50    NaN 1612.2     NaN 1080.65 
737213.000000    NaN 1612.3     NaN 1112.22    NaN 1605.4     NaN 1114.43 
737214.000000    NaN 1585.1     NaN 1109.41    NaN 1579.1     NaN 1111.20 
737215.000000 1634.9 1610.0 1066.35 1077.26 1628.2 1602.9 1068.58 1079.72 
737216.000000    NaN 1593.7     NaN 1091.19    NaN 1588.2     NaN 1093.00 
737217.000000 1586.8 1607.2 1039.74 1062.31 1581.2 1601.5 1041.79 1063.67 
737218.000000 1618.2 1625.0 1070.44 1076.97 1611.8 1619.6 1072.86 1078.65 
737220.000000    NaN 1591.6     NaN 1088.43    NaN 1583.5     NaN 1091.78 
737221.000000    NaN 1609.4     NaN 1068.45    NaN 1603.0     NaN 1070.47 
737222.000000 1591.5    NaN 1034.73     NaN 1584.7    NaN 1037.05     NaN 
737223.000000 1599.9 1600.9 1024.28 1026.13 1593.9 1593.2 1026.35 1028.91 
737224.000000    NaN 1588.5     NaN 1081.51    NaN 1582.4     NaN 1083.44 
737226.000000 1618.4    NaN 1082.96     NaN 1611.6    NaN 1085.31     NaN 
737228.000000 1618.9    NaN 1079.85     NaN 1612.1    NaN 1082.19     NaN 
737229.000000 1613.2    NaN 1071.57     NaN 1605.9    NaN 1074.46     NaN 
737230.000000 1602.3 1607.3 1052.47 1031.93 1595.6 1601.5 1054.72 1033.79 
737231.000000 1598.3 1608.7 1016.92 1012.48 1591.1 1602.7 1019.66 1014.19 
737233.000000 1595.5 1605.9 1023.81  999.81 1589.0 1598.1 1026.20 1002.89 
737234.000000 1624.3 1589.1  989.87 1014.21 1618.2 1583.7  991.92 1015.48 
737235.000000 1589.8 1599.2 1000.27 1002.72 1582.4 1592.5 1002.76 1004.90 
737236.000000    NaN 1603.8     NaN 1016.92    NaN 1598.4     NaN 1018.56 
737237.000000 1613.8 1608.0  988.57  998.53 1606.8 1601.9  991.02 1000.33 
737238.000000 1620.0    NaN  979.90     NaN 1614.4    NaN  981.80     NaN 
737239.000000 1617.7    NaN  975.46     NaN 1611.7    NaN  977.50     NaN 
737241.000000 1606.1    NaN 1044.97     NaN 1599.8    NaN 1047.07     NaN 
737242.000000 1623.1 1624.6  996.70  999.25 1615.4 1617.5  999.55 1001.91 
737243.000000 1620.2 1618.3  998.01 1008.99 1612.7 1611.9 1000.72 1011.20 
737248.000000 1623.2    NaN 1004.78     NaN 1618.0    NaN 1006.39     NaN 
737256.000000    NaN 1607.2     NaN 1016.77    NaN 1602.4     NaN 1018.43 
737257.000000 1606.1 1621.9 1009.33 1009.36 1599.1 1615.5 1011.54 1011.36 
737258.000000 1618.1 1628.1  997.48  996.11 1612.8 1623.7  999.12  997.33 
737259.000000 1631.8    NaN  969.47     NaN 1623.6    NaN  972.49     NaN 
737263.000000 1624.1    NaN  986.65     NaN 1617.2    NaN  989.38     NaN 
737268.000000 1610.4 1617.7  973.94  975.83 1604.0 1611.5  975.99  977.88 
737273.000000 1622.8 1619.7  983.27  995.65 1616.2 1612.6  985.64  998.17 
737274.000000 1621.9 1620.3  993.26  999.25 1614.1 1612.6  995.95 1001.98 
737275.000000 1612.0 1616.4  993.16  999.23 1605.6 1609.7  995.28 1001.60 
737277.000000    NaN 1622.3     NaN 1008.88    NaN 1614.8     NaN 1011.70 
737281.000000 1613.0 1608.4  992.98  999.43 1607.7 1600.9  994.71 1001.97 
737282.000000    NaN 1624.0     NaN  989.10    NaN 1616.3     NaN  991.68 
737283.000000 1625.1 1613.1  990.15 1012.76 1617.6 1606.3  992.81 1015.21 
737287.000000 1631.0 1620.1  965.86  980.96 1623.7 1614.4  968.54  982.94 
737288.000000 1607.1 1613.5 1000.51  999.58 1600.7 1608.0 1002.70 1001.42 
737289.000000 1622.9    NaN  991.47     NaN 1617.1    NaN  993.44     NaN 
737290.000000 1626.9 1624.6  970.54  972.10 1618.7 1617.3  973.62  974.65 
737291.000000 1622.2    NaN  962.43     NaN 1614.5    NaN  965.16     NaN 
737292.000000 1627.4 1630.7  940.41  950.11 1622.1 1623.7  942.13  952.33 
737293.000000 1621.8    NaN  952.45     NaN 1614.8    NaN  954.83     NaN 
737295.000000 1623.1 1626.8  948.56  951.81 1617.0 1620.2  950.62  954.09 
737296.000000 1621.4 1621.4  954.23  961.45 1614.0 1614.9  956.63  963.52 
737297.000000 1629.8 1620.0  967.45  980.20 1622.8 1613.5  969.92  982.24 
737298.000000 1622.0 1625.2  992.79  991.37 1616.5 1618.3  994.70  993.82 
737299.000000 1610.3 1612.2  991.53  994.71 1604.8 1604.5  993.40  997.56 
737300.000000 1611.6 1610.1  967.71  971.11 1605.5 1601.8  969.68  974.03 
737301.000000 1624.4 1616.9  956.29  974.80 1617.9 1610.1  958.65  977.25 
737302.000000 1613.0 1612.2  978.84  985.71 1606.1 1605.7  981.43  987.80 
737303.000000 1620.5 1609.2  976.92  996.57 1614.4 1601.4  979.19  999.37 
737304.000000 1634.7 1625.5  965.50  972.62 1627.9 1619.1  967.76  974.70 
737305.000000 1614.8 1617.6  975.75  971.25 1607.7 1611.6  978.18  972.99 
737309.000000    NaN 1622.5     NaN  980.81    NaN 1616.3     NaN  982.84 
737310.000000 1623.7    NaN 1002.09     NaN 1616.8    NaN 1004.64     NaN 
737311.000000    NaN 1630.5     NaN  987.02    NaN 1624.0     NaN  989.09 
737313.000000 1610.0 1617.0  986.23  982.36 1603.6 1611.5  988.70  983.74 
737314.000000 1631.2 1609.1  969.60  989.05 1624.0 1602.4  972.29  991.49 
737319.000000 1621.3 1621.6  943.47  953.98 1613.6 1615.1  946.29  956.01 
737320.000000 1624.6 1634.0  952.59  945.08 1616.2 1628.9  955.62  946.38 
737321.000000 1603.3 1624.7  972.02  951.35 1597.0 1617.5  974.27  953.75 
737324.000000 1636.3 1620.1  930.89  940.32 1629.5 1613.9  933.44  942.22 
737325.000000    NaN 1633.6     NaN  932.86    NaN 1627.5     NaN  934.68 
737328.000000 1630.3    NaN  935.14     NaN 1625.0    NaN  936.68     NaN 
737336.000000 1624.5    NaN  955.71     NaN 1617.5    NaN  958.15     NaN 
737349.000000 1650.2 1620.1  826.67  853.98 1645.3 1613.3  827.68  855.99 
737350.000000    NaN 1635.6     NaN  876.35    NaN 1628.3     NaN  878.87 
737364.000000 1632.4    NaN  975.47     NaN 1625.3    NaN  978.02     NaN 
737366.000000 1604.4    NaN  933.10     NaN 1598.9    NaN  934.53     NaN 
737368.000000    NaN 1647.6     NaN  908.31    NaN 1641.7     NaN  909.89 
737369.000000 1624.0    NaN  916.13     NaN 1619.4    NaN  916.68     NaN 
737370.000000    NaN 1625.3     NaN  900.23    NaN 1617.0     NaN  903.11 
737371.000000    NaN 1618.5     NaN  885.77    NaN 1610.4     NaN  888.61 
737372.000000 1618.0 1624.8  871.05  864.45 1610.8 1616.4  873.37  867.42 
737373.000000 1648.0 1637.8  848.83  850.22 1640.9 1630.8  851.23  852.74 
737374.000000 1647.2 1616.8  835.12  860.41 1638.8 1609.9  837.99  862.56 
737375.000000 1635.6    NaN  861.40     NaN 1627.7    NaN  864.03     NaN 
737384.000000 1600.4    NaN  843.83     NaN 1593.7    NaN  846.05     NaN 
737389.000000    NaN 1645.5     NaN  807.91    NaN 1639.2     NaN  809.83 
737396.000000 1631.8 1641.7  830.16  825.12 1624.3 1634.2  832.46  827.63 
737397.000000 1599.7 1632.1  849.88  834.57 1594.0 1624.5  851.32  837.03 
737398.000000 1624.1    NaN  833.63     NaN 1617.2    NaN  835.81     NaN 
737399.000000 1653.1    NaN  836.15     NaN 1643.2    NaN  839.91     NaN 
737402.000000 1640.6 1603.1  827.39  839.73 1635.4 1594.3  828.76  842.85 
737404.000000 1647.5    NaN  803.98     NaN 1640.3    NaN  806.41     NaN 
737405.000000 1646.9 1647.0  842.85  849.53 1640.3 1639.9  845.05  851.81 
737406.000000 1622.0 1656.5  850.71  822.42 1615.0 1649.5  852.73  824.49 
737407.000000 1589.7 1631.3  829.57  807.17 1579.7 1625.7  833.68  808.86 
737408.000000 1653.8    NaN  782.22     NaN 1645.7    NaN  784.96     NaN 
737410.000000    NaN 1647.1     NaN  791.81    NaN 1640.2     NaN  793.78 
737411.000000 1634.6 1620.9  809.53  819.31 1626.0 1612.8  812.31  821.80 
737412.000000    NaN 1639.0     NaN  871.57    NaN 1631.3     NaN  873.95 
737414.000000    NaN 1648.3     NaN  816.23    NaN 1641.6     NaN  818.20 
737415.000000    NaN 1636.1     NaN  792.95    NaN 1626.7     NaN  796.09 
737416.000000 1647.4 1631.7  763.59  771.89 1640.7 1625.0  765.66  773.94 
737419.000000 1621.2    NaN  823.28     NaN 1614.6    NaN  825.17     NaN 
737422.000000 1621.7    NaN  917.93     NaN 1615.0    NaN  920.12     NaN 
737427.000000 1636.3 1636.9  811.41  809.29 1628.5 1628.9  814.07  811.90 
737431.000000 1619.9    NaN  855.90     NaN 1611.7    NaN  858.58     NaN 
737435.000000    NaN 1613.9     NaN  868.65    NaN 1606.9     NaN  870.77 
737436.000000 1614.3    NaN  864.45     NaN 1607.9    NaN  866.54     NaN 
737438.000000    NaN 1612.3     NaN  898.47    NaN 1604.2     NaN  901.20 
737439.000000 1630.4    NaN  882.29     NaN 1623.4    NaN  884.59     NaN 
737440.000000 1625.3    NaN  829.88     NaN 1617.9    NaN  832.38     NaN 
737444.000000 1629.9 1632.3  811.60  804.86 1621.9 1624.2  814.35  807.49 
737450.000000 1625.3 1650.0  819.10  800.35 1619.0 1643.8  821.02  802.19 
737452.000000 1619.7 1632.7  863.74  848.78 1611.4 1626.3  866.53  850.81 
737456.000000 1647.0    NaN  823.66     NaN 1641.1    NaN  825.46     NaN 
737459.000000 1609.2    NaN  924.76     NaN 1603.2    NaN  926.68     NaN 
737460.000000 1632.5 1612.3  811.63  829.58 1625.2 1605.4  814.22  831.99 
737461.000000 1644.5 1607.2  812.65  832.05 1638.5 1601.5  814.49  833.56 
737462.000000 1623.6    NaN  824.14     NaN 1617.8    NaN  825.84     NaN 
737465.000000 1634.5    NaN  930.54     NaN 1628.2    NaN  932.56     NaN 
737466.000000 1601.3 1642.7  925.57  886.24 1593.1 1635.3  928.88  888.77 
737469.000000 1606.8 1618.2  864.27  849.52 1598.3 1611.9  867.30  851.55 
737476.000000 1638.8    NaN  956.51     NaN 1631.9    NaN  958.79     NaN 
737477.000000 1591.3    NaN  871.75     NaN 1583.5    NaN  874.73     NaN 
737478.000000    NaN 1610.0     NaN  842.06    NaN 1603.4     NaN  844.20 
737480.000000 1628.1    NaN  876.30     NaN 1621.4    NaN  878.45     NaN 
737481.000000 1639.0 1602.5  839.47  868.48 1632.7 1596.0  841.55  870.62 
737485.000000 1600.8 1624.6  836.20  827.62 1594.5 1618.2  838.30  829.37 
737488.000000 1612.5 1624.9  840.05  833.05 1606.0 1618.6  842.09  835.11 
737489.000000 1620.5    NaN  825.59     NaN 1613.7    NaN  827.78     NaN 
737493.000000 1640.7 1635.1  845.43  840.87 1634.2 1629.8  847.74  842.30 
737494.000000 1640.3 1623.5  827.58  845.13 1634.1 1618.1  829.44  846.68 
737495.000000 1634.3 1635.4  841.74  847.88 1628.1 1628.9  843.87  850.05 
737496.000000 1631.4 1633.2  859.97  863.56 1624.8 1626.5  862.12  865.63 
737497.000000    NaN 1628.2     NaN  902.18    NaN 1622.0     NaN  904.18 
737499.000000    NaN 1621.3     NaN  923.96    NaN 1612.7     NaN  927.26 
737500.000000 1589.1    NaN  942.91     NaN 1581.6    NaN  945.64     NaN 
737503.000000 1624.6 1622.2  974.03  982.71 1617.6 1615.8  976.63  984.92 
737527.000000 1595.5    NaN 1072.79     NaN 1588.4    NaN 1075.31     NaN 
737534.000000 1642.3    NaN 1003.98     NaN 1636.1    NaN 1005.92     NaN 
737536.000000    NaN 1604.5     NaN 1141.89    NaN 1596.0     NaN 1144.97 
737546.000000 1629.9 1634.4 1044.79 1082.70 1622.2 1628.4 1047.72 1084.57 
737570.000000 1608.6 1624.3 1070.99 1056.37 1599.6 1615.0 1074.01 1059.21 
737571.000000    NaN 1623.7     NaN 1024.01    NaN 1613.5     NaN 1027.27 
737574.000000 1630.9 1625.4 1027.49 1056.24 1619.9 1615.9 1031.80 1059.10 
737576.000000    NaN 1623.3     NaN 1080.85    NaN 1611.4     NaN 1085.07 
737577.000000    NaN 1627.7     NaN 1094.86    NaN 1616.8     NaN 1098.46 
737581.000000 1624.6    NaN 1027.37     NaN 1615.3    NaN 1030.25     NaN 
737582.000000    NaN 1622.5     NaN 1041.72    NaN 1613.3     NaN 1044.43 
737589.000000 1631.6    NaN 1052.16     NaN 1620.7    NaN 1055.92     NaN 
737590.000000 1615.3    NaN 1013.33     NaN 1603.7    NaN 1017.91     NaN 
737591.000000 1628.7 1607.1  961.74  979.23 1618.9 1597.7  964.97  981.97 
737592.000000 1613.7 1640.7  992.78  967.00 1605.4 1630.5  995.40  970.19 
737593.000000 1624.9    NaN  964.84     NaN 1614.9    NaN  968.62     NaN 
737594.000000 1637.6    NaN  936.70     NaN 1627.9    NaN  939.73     NaN 
737595.000000 1638.5 1624.1  943.90  957.50 1627.3 1614.5  947.98  960.57 
737596.000000 1636.4    NaN  948.52     NaN 1627.1    NaN  951.73     NaN 
737597.000000 1624.2 1616.0  978.84  995.00 1614.2 1606.6  982.03  998.02 
737598.000000 1632.2    NaN  982.73     NaN 1623.0    NaN  985.78     NaN 
737599.000000 1624.2 1614.7 1001.74 1029.05 1612.0 1605.4 1006.24 1031.94 
737600.000000 1626.1    NaN 1002.78     NaN 1616.1    NaN 1006.47     NaN 
737601.000000 1633.8    NaN  965.07     NaN 1624.7    NaN  967.93     NaN 
737602.000000    NaN 1632.1     NaN  993.53    NaN 1622.2     NaN  996.73 
737603.000000 1607.0 1642.6 1010.59  995.21 1598.1 1633.4 1013.64  998.15 
737604.000000 1614.0    NaN  996.68     NaN 1604.5    NaN  999.75     NaN 
737605.000000 1616.0 1638.5 1010.87  987.33 1607.2 1628.6 1013.86  990.37 
737606.000000 1638.2 1617.4  968.98  997.47 1628.9 1608.9  972.00 1000.16 
