%Date etc_1_am etc_1_pm slope_1_am slope_1_pm  etc_2_am etc_2_pm slope_2_am slope_2_pm detc_1_am detc_1_pm dslope_1_am dslope_1_pm  detc_2_am detc_2_pm dslope_2_am dslope_2_p
736330.000000 1648.2    NaN  929.64     NaN 1648.2    NaN  929.64     NaN    15.6    NaN  930.92     NaN   15.6    NaN  930.92     NaN 
736332.000000 1615.3 1638.9  927.49  909.75 1615.3 1638.9  927.49  909.75   -13.0    6.6  926.89  911.05  -13.0    6.6  926.89  911.05 
736333.000000 1629.2    NaN  881.58     NaN 1629.2    NaN  881.58     NaN    -1.5    NaN  881.94     NaN   -1.5    NaN  881.94     NaN 
736336.000000 1612.7    NaN  893.22     NaN 1612.7    NaN  893.22     NaN   -16.6    NaN  892.89     NaN  -16.6    NaN  892.89     NaN 
736337.000000 1628.8    NaN  843.59     NaN 1628.8    NaN  843.59     NaN    -4.2    NaN  844.98     NaN   -4.2    NaN  844.98     NaN 
736339.000000    NaN 1604.5     NaN  881.27    NaN 1604.5     NaN  881.27     NaN  -23.1     NaN  879.81    NaN  -23.1     NaN  879.81 
736340.000000 1626.3 1652.0  858.04  842.89 1626.3 1652.0  858.04  842.89    -7.4   24.0  860.01  841.79   -7.4   24.0  860.01  841.79 
736341.000000    NaN 1632.7     NaN  880.54    NaN 1632.7     NaN  880.54     NaN   -1.7     NaN  882.83    NaN   -1.7     NaN  882.83 
736349.000000 1627.2    NaN  998.60     NaN 1627.2    NaN  998.60     NaN     0.9    NaN  996.76     NaN    0.9    NaN  996.76     NaN 
736350.000000    NaN 1658.6     NaN  944.47    NaN 1658.6     NaN  944.47     NaN   27.8     NaN  944.48    NaN   27.8     NaN  944.48 
736351.000000 1633.0 1649.7  901.96  896.37 1633.0 1649.7  901.96  896.37     2.6   17.9  901.82  897.39    2.6   17.9  901.82  897.39 
736356.000000 1616.8    NaN  940.55     NaN 1616.8    NaN  940.55     NaN   -12.9    NaN  940.49     NaN  -12.9    NaN  940.49     NaN 
736360.000000 1629.5 1612.2  877.94  890.34 1629.5 1612.2  877.94  890.34    -3.1  -17.9  878.88  890.28   -3.1  -17.9  878.88  890.28 
736371.000000 1635.7    NaN  960.41     NaN 1635.7    NaN  960.41     NaN     7.2    NaN  959.70     NaN    7.2    NaN  959.70     NaN 
736372.000000 1601.3    NaN  976.07     NaN 1601.3    NaN  976.07     NaN   -23.4    NaN  974.18     NaN  -23.4    NaN  974.18     NaN 
736375.000000 1614.5 1630.6  939.76  933.30 1614.5 1630.6  939.76  933.30   -16.6   -5.0  940.27  936.15  -16.6   -5.0  940.27  936.15 
736393.000000 1639.7    NaN  983.47     NaN 1639.7    NaN  983.47     NaN    15.1    NaN  980.69     NaN   15.1    NaN  980.69     NaN 
736396.000000    NaN 1623.1     NaN 1059.39    NaN 1623.1     NaN 1059.39     NaN   -8.3     NaN 1060.01    NaN   -8.3     NaN 1060.01 
736399.000000 1613.4 1667.3 1053.24 1019.16 1613.4 1667.3 1053.24 1019.16   -15.3   41.4 1052.42 1016.22  -15.3   41.4 1052.42 1016.22 
736404.000000 1633.3 1651.2 1015.68  998.42 1633.3 1651.2 1015.68  998.42     4.4   23.3 1015.00  997.29    4.4   23.3 1015.00  997.29 
736408.000000    NaN 1599.8     NaN  998.65    NaN 1599.8     NaN  998.65     NaN  -29.9     NaN  998.43    NaN  -29.9     NaN  998.43 
736415.000000    NaN 1619.9     NaN 1029.62    NaN 1619.9     NaN 1029.62     NaN  -15.5     NaN 1032.63    NaN  -15.5     NaN 1032.63 
736416.000000 1643.5    NaN 1073.13     NaN 1643.5    NaN 1073.13     NaN     6.5    NaN 1076.56     NaN    6.5    NaN 1076.56     NaN 
736418.000000 1652.3 1621.4  998.61 1032.91 1652.3 1621.4  998.61 1032.91    24.5  -12.7  997.58 1035.38   24.5  -12.7  997.58 1035.38 
736421.000000    NaN 1617.0     NaN 1015.09    NaN 1617.0     NaN 1015.09     NaN  -15.5     NaN 1016.32    NaN  -15.5     NaN 1016.32 
736422.000000    NaN 1637.3     NaN 1118.41    NaN 1637.3     NaN 1118.41     NaN    3.3     NaN 1120.48    NaN    3.3     NaN 1120.48 
736429.000000 1618.2    NaN 1021.63     NaN 1618.2    NaN 1021.63     NaN   -13.1    NaN 1022.69     NaN  -13.1    NaN 1022.69     NaN 
736431.000000 1649.3    NaN 1049.07     NaN 1649.3    NaN 1049.07     NaN    19.3    NaN 1049.03     NaN   19.3    NaN 1049.03     NaN 
736433.000000 1645.4    NaN 1045.39     NaN 1645.4    NaN 1045.39     NaN    13.2    NaN 1046.81     NaN   13.2    NaN 1046.81     NaN 
736469.000000 1620.2    NaN 1060.36     NaN 1620.2    NaN 1060.36     NaN    -8.8    NaN 1059.87     NaN   -8.8    NaN 1059.87     NaN 
736471.000000 1628.4    NaN 1123.06     NaN 1628.4    NaN 1123.06     NaN     1.9    NaN 1121.60     NaN    1.9    NaN 1121.60     NaN 
736473.000000 1628.2    NaN 1064.19     NaN 1628.2    NaN 1064.19     NaN     0.0    NaN 1062.85     NaN    0.0    NaN 1062.85     NaN 
736475.000000 1646.9    NaN 1045.84     NaN 1646.9    NaN 1045.84     NaN     9.8    NaN 1049.39     NaN    9.8    NaN 1049.39     NaN 
736483.000000 1604.2    NaN  983.69     NaN 1604.2    NaN  983.69     NaN   -31.2    NaN  985.85     NaN  -31.2    NaN  985.85     NaN 
736488.000000 1613.2    NaN  995.37     NaN 1613.2    NaN  995.37     NaN   -13.5    NaN  994.01     NaN  -13.5    NaN  994.01     NaN 
736490.000000 1638.1    NaN  995.09     NaN 1638.1    NaN  995.09     NaN     6.2    NaN  996.19     NaN    6.2    NaN  996.19     NaN 
736493.000000 1650.6    NaN 1027.55     NaN 1650.6    NaN 1027.55     NaN    16.3    NaN 1030.21     NaN   16.3    NaN 1030.21     NaN 
736495.000000 1638.6    NaN 1030.93     NaN 1638.6    NaN 1030.93     NaN     8.2    NaN 1031.39     NaN    8.2    NaN 1031.39     NaN 
736499.000000 1622.8    NaN  952.34     NaN 1622.8    NaN  952.34     NaN    -6.3    NaN  951.79     NaN   -6.3    NaN  951.79     NaN 
736501.000000 1647.9    NaN  955.98     NaN 1647.9    NaN  955.98     NaN    16.3    NaN  956.66     NaN   16.3    NaN  956.66     NaN 
736508.000000 1617.4    NaN 1031.43     NaN 1617.4    NaN 1031.43     NaN   -13.1    NaN 1031.79     NaN  -13.1    NaN 1031.79     NaN 
736509.000000 1627.2    NaN  983.83     NaN 1627.2    NaN  983.83     NaN    -4.0    NaN  984.57     NaN   -4.0    NaN  984.57     NaN 
736510.000000 1628.2    NaN  995.32     NaN 1628.2    NaN  995.32     NaN     2.2    NaN  993.21     NaN    2.2    NaN  993.21     NaN 
736511.000000 1639.8    NaN 1002.95     NaN 1639.8    NaN 1002.95     NaN     6.0    NaN 1004.81     NaN    6.0    NaN 1004.81     NaN 
736513.000000 1656.5    NaN  981.52     NaN 1656.5    NaN  981.52     NaN    29.1    NaN  980.31     NaN   29.1    NaN  980.31     NaN 
736515.000000 1632.7    NaN  976.17     NaN 1632.7    NaN  976.17     NaN     3.5    NaN  975.49     NaN    3.5    NaN  975.49     NaN 
736519.000000 1623.5    NaN  983.32     NaN 1623.5    NaN  983.32     NaN    -9.2    NaN  984.48     NaN   -9.2    NaN  984.48     NaN 
736528.000000 1615.9 1635.9  998.64  999.82 1615.9 1635.9  998.64  999.82   -12.9    4.4  998.07 1000.53  -12.9    4.4  998.07 1000.53 
736529.000000 1623.8 1640.0  993.81  990.69 1623.8 1640.0  993.81  990.69    -4.7    7.0  993.27  992.08   -4.7    7.0  993.27  992.08 
736534.000000    NaN 1636.5     NaN  977.32    NaN 1636.5     NaN  977.32     NaN    5.9     NaN  977.64    NaN    5.9     NaN  977.64 
736539.000000 1628.1    NaN 1002.44     NaN 1628.1    NaN 1002.44     NaN    -4.7    NaN 1003.75     NaN   -4.7    NaN 1003.75     NaN 
736540.000000 1619.8    NaN  997.66     NaN 1619.8    NaN  997.66     NaN   -16.6    NaN 1000.48     NaN  -16.6    NaN 1000.48     NaN 
736544.000000 1621.8 1631.9  978.21  979.64 1621.8 1631.9  978.21  979.64   -10.1   -1.2  979.44  981.11  -10.1   -1.2  979.44  981.11 
736545.000000 1637.1    NaN  962.69     NaN 1637.1    NaN  962.69     NaN     5.6    NaN  963.62     NaN    5.6    NaN  963.62     NaN 
736549.000000 1648.8 1644.6  982.41  984.36 1648.8 1644.6  982.41  984.36    16.1    8.1  983.51  987.76   16.1    8.1  983.51  987.76 
736554.000000 1626.8 1616.7  964.70  978.82 1626.8 1616.7  964.70  978.82    -6.5  -16.8  966.58  980.61   -6.5  -16.8  966.58  980.61 
736555.000000 1615.2 1618.9  974.95  983.92 1615.2 1618.9  974.95  983.92   -13.0  -15.0  973.98  985.97  -13.0  -15.0  973.98  985.97 
736556.000000 1638.3 1619.6  973.56  989.55 1638.3 1619.6  973.56  989.55     7.5  -11.4  974.03  989.77    7.5  -11.4  974.03  989.77 
736557.000000    NaN 1624.3     NaN  992.26    NaN 1624.3     NaN  992.26     NaN   -3.8     NaN  991.01    NaN   -3.8     NaN  991.01 
736558.000000 1625.9 1641.3  982.26  975.92 1625.9 1641.3  982.26  975.92    -7.5   10.1  984.02  976.70   -7.5   10.1  984.02  976.70 
736561.000000 1628.2 1624.7  990.96 1004.66 1628.2 1624.7  990.96 1004.66    -3.8   -7.9  991.96 1006.31   -3.8   -7.9  991.96 1006.31 
736562.000000 1627.4 1631.1  982.61 1003.54 1627.4 1631.1  982.61 1003.54     3.3   -4.9  979.83 1006.74    3.3   -4.9  979.83 1006.74 
736565.000000 1631.3    NaN  960.81     NaN 1631.3    NaN  960.81     NaN     0.4    NaN  961.28     NaN    0.4    NaN  961.28     NaN 
736566.000000 1620.1    NaN  962.59     NaN 1620.1    NaN  962.59     NaN   -12.0    NaN  963.41     NaN  -12.0    NaN  963.41     NaN 
736567.000000 1647.1 1623.8  985.79  992.38 1647.1 1623.8  985.79  992.38     9.6   -5.2  989.61  991.55    9.6   -5.2  989.61  991.55 
736568.000000 1631.8 1646.2  978.64  975.47 1631.8 1646.2  978.64  975.47     4.6    1.7  977.54  982.85    4.6    1.7  977.54  982.85 
736573.000000 1654.9 1614.2  945.14  990.25 1654.9 1614.2  945.14  990.25    24.2  -15.9  945.63  990.18   24.2  -15.9  945.63  990.18 
736574.000000 1631.9 1625.1 1004.03 1013.86 1631.9 1625.1 1004.03 1013.86     3.5  -10.5 1003.29 1017.10    3.5  -10.5 1003.29 1017.10 
736575.000000 1617.8 1660.0 1032.16 1005.77 1617.8 1660.0 1032.16 1005.77   -16.5   27.1 1033.79 1007.50  -16.5   27.1 1033.79 1007.50 
736578.000000 1604.8    NaN  981.15     NaN 1604.8    NaN  981.15     NaN   -23.6    NaN  980.57     NaN  -23.6    NaN  980.57     NaN 
736579.000000 1614.6 1598.9  969.02  987.31 1614.6 1598.9  969.02  987.31   -15.7  -30.4  969.15  986.89  -15.7  -30.4  969.15  986.89 
736580.000000 1632.4 1645.6  982.55  974.60 1632.4 1645.6  982.55  974.60     1.0   11.3  983.05  977.08    1.0   11.3  983.05  977.08 
736581.000000 1611.9 1645.5  977.81  934.02 1611.9 1645.5  977.81  934.02   -19.2    9.9  978.40  936.43  -19.2    9.9  978.40  936.43 
736582.000000 1631.2 1628.8  932.64  934.65 1631.2 1628.8  932.64  934.65     0.1   -6.0  933.52  937.01    0.1   -6.0  933.52  937.01 
736583.000000 1636.5 1625.2  933.46  947.88 1636.5 1625.2  933.46  947.88     3.1   -8.9  935.53  949.96    3.1   -8.9  935.53  949.96 
736584.000000 1630.6 1613.6  948.79  979.18 1630.6 1613.6  948.79  979.18     1.2  -16.4  948.59  979.45    1.2  -16.4  948.59  979.45 
736586.000000 1621.6    NaN  976.89     NaN 1621.6    NaN  976.89     NaN   -11.6    NaN  978.43     NaN  -11.6    NaN  978.43     NaN 
736587.000000 1622.4 1624.3  981.47  981.61 1622.4 1624.3  981.47  981.61    -8.1   -9.6  981.63  983.77   -8.1   -9.6  981.63  983.77 
736588.000000 1617.4    NaN  976.33     NaN 1617.4    NaN  976.33     NaN   -17.7    NaN  979.31     NaN  -17.7    NaN  979.31     NaN 
736589.000000    NaN 1639.0     NaN  962.44    NaN 1639.0     NaN  962.44     NaN    7.2     NaN  963.58    NaN    7.2     NaN  963.58 
736590.000000 1628.3    NaN  965.12     NaN 1628.3    NaN  965.12     NaN    -3.5    NaN  965.77     NaN   -3.5    NaN  965.77     NaN 
736592.000000    NaN 1624.7     NaN  935.99    NaN 1624.7     NaN  935.99     NaN   -4.9     NaN  935.70    NaN   -4.9     NaN  935.70 
736593.000000 1624.7 1625.3  925.11  936.49 1624.7 1625.3  925.11  936.49    -7.0   -9.5  925.93  938.78   -7.0   -9.5  925.93  938.78 
736594.000000 1607.4 1624.1  962.89  947.43 1607.4 1624.1  962.89  947.43   -23.3   -9.8  962.98  949.32  -23.3   -9.8  962.98  949.32 
736595.000000 1625.9 1614.2  949.55  964.23 1625.9 1614.2  949.55  964.23    -6.6  -17.3  950.73  965.08   -6.6  -17.3  950.73  965.08 
736598.000000 1626.5 1614.4  947.21  962.60 1626.5 1614.4  947.21  962.60    -9.8  -13.5  950.56  961.61   -9.8  -13.5  950.56  961.61 
736600.000000    NaN 1627.6     NaN  916.18    NaN 1627.6     NaN  916.18     NaN   -5.4     NaN  917.71    NaN   -5.4     NaN  917.71 
736601.000000    NaN 1628.8     NaN  985.51    NaN 1628.8     NaN  985.51     NaN   -4.0     NaN  986.92    NaN   -4.0     NaN  986.92 
736602.000000    NaN 1645.0     NaN  972.45    NaN 1645.0     NaN  972.45     NaN   12.4     NaN  973.78    NaN   12.4     NaN  973.78 
736604.000000 1641.1 1628.1  949.17  956.05 1641.1 1628.1  949.17  956.05     9.6  -10.0  950.31  960.28    9.6  -10.0  950.31  960.28 
736608.000000 1634.0    NaN  924.72     NaN 1634.0    NaN  924.72     NaN     4.1    NaN  924.44     NaN    4.1    NaN  924.44     NaN 
736610.000000 1627.6 1630.6  926.57  913.18 1627.6 1630.6  926.57  913.18    -7.7    2.9  929.31  912.20   -7.7    2.9  929.31  912.20 
736611.000000 1646.6    NaN  918.63     NaN 1646.6    NaN  918.63     NaN    14.9    NaN  919.87     NaN   14.9    NaN  919.87     NaN 
736612.000000 1625.5 1615.5  953.24  943.71 1625.5 1615.5  953.24  943.71    -7.5  -13.1  954.92  943.16   -7.5  -13.1  954.92  943.16 
736613.000000 1609.0 1637.9  931.21  900.31 1609.0 1637.9  931.21  900.31   -22.7    3.6  932.05  902.52  -22.7    3.6  932.05  902.52 
736614.000000 1634.6 1627.6  887.46  896.45 1634.6 1627.6  887.46  896.45     3.9   -3.9  888.20  897.45    3.9   -3.9  888.20  897.45 
736615.000000 1627.9 1644.0  931.20  918.82 1627.9 1644.0  931.20  918.82    -5.4   10.8  932.86  920.88   -5.4   10.8  932.86  920.88 
736616.000000    NaN 1652.4     NaN  916.84    NaN 1652.4     NaN  916.84     NaN   27.2     NaN  914.30    NaN   27.2     NaN  914.30 
736643.000000 1622.9 1615.7  950.29  959.44 1622.9 1615.7  950.29  959.44    -9.1  -15.9  951.34  960.10   -9.1  -15.9  951.34  960.10 
736651.000000 1607.3    NaN  915.21     NaN 1607.3    NaN  915.21     NaN   -21.8    NaN  914.82     NaN  -21.8    NaN  914.82     NaN 
736654.000000 1654.3    NaN  941.10     NaN 1654.3    NaN  941.10     NaN    27.6    NaN  939.44     NaN   27.6    NaN  939.44     NaN 
736669.000000    NaN 1658.3     NaN  897.46    NaN 1658.3     NaN  897.46     NaN   25.6     NaN  898.97    NaN   25.6     NaN  898.97 
736670.000000 1621.2 1657.0  889.26  860.10 1621.2 1657.0  889.26  860.10   -12.2   29.2  890.77  858.94  -12.2   29.2  890.77  858.94 
736672.000000    NaN 1657.7     NaN  858.02    NaN 1657.7     NaN  858.02     NaN   26.3     NaN  858.51    NaN   26.3     NaN  858.51 
736674.000000    NaN 1652.0     NaN  924.19    NaN 1652.0     NaN  924.19     NaN   18.4     NaN  925.96    NaN   18.4     NaN  925.96 
736679.000000 1636.2 1671.6  892.66  855.25 1636.2 1671.6  892.66  855.25    -0.3   39.5  895.79  856.26   -0.3   39.5  895.79  856.26 
736680.000000 1650.9    NaN  849.13     NaN 1650.9    NaN  849.13     NaN    19.1    NaN  849.83     NaN   19.1    NaN  849.83     NaN 
736696.000000 1658.6 1622.9  857.77  881.22 1658.6 1622.9  857.77  881.22    30.1   -8.0  856.85  881.60   30.1   -8.0  856.85  881.60 
736699.000000 1643.3    NaN  893.13     NaN 1643.3    NaN  893.13     NaN     8.5    NaN  895.36     NaN    8.5    NaN  895.36     NaN 
736709.000000 1616.4 1637.6  932.92  928.02 1616.4 1637.6  932.92  928.02   -11.5    3.1  932.00  930.16  -11.5    3.1  932.00  930.16 
736714.000000 1648.5 1607.1  953.96  979.86 1648.5 1607.1  953.96  979.86    18.7  -25.6  953.71  981.56   18.7  -25.6  953.71  981.56 
736717.000000    NaN 1649.5     NaN  985.28    NaN 1649.5     NaN  985.28     NaN   16.8     NaN  986.25    NaN   16.8     NaN  986.25 
736722.000000 1630.3    NaN  946.64     NaN 1630.3    NaN  946.64     NaN     1.8    NaN  946.22     NaN    1.8    NaN  946.22     NaN 
736723.000000    NaN 1652.2     NaN  932.31    NaN 1652.2     NaN  932.31     NaN   23.8     NaN  931.50    NaN   23.8     NaN  931.50 
736724.000000 1600.4    NaN  951.65     NaN 1600.4    NaN  951.65     NaN   -23.5    NaN  948.95     NaN  -23.5    NaN  948.95     NaN 
736730.000000 1640.9 1630.9  898.96  895.96 1640.9 1630.9  898.96  895.96     5.0   -0.1  901.97  896.90    5.0   -0.1  901.97  896.90 
736731.000000 1632.9 1651.9  886.32  873.86 1632.9 1651.9  886.32  873.86    -1.1   20.4  888.16  874.55   -1.1   20.4  888.16  874.55 
736732.000000 1642.8 1617.9  894.28  914.30 1642.8 1617.9  894.28  914.30    12.7  -18.3  894.10  917.94   12.7  -18.3  894.10  917.94 
736733.000000 1644.4 1610.8  904.56  924.83 1644.4 1610.8  904.56  924.83     9.8  -18.7  906.76  924.55    9.8  -18.7  906.76  924.55 
736734.000000 1644.3    NaN  931.54     NaN 1644.3    NaN  931.54     NaN    15.9    NaN  931.28     NaN   15.9    NaN  931.28     NaN 
736742.000000    NaN 1604.8     NaN  940.32    NaN 1604.8     NaN  940.32     NaN  -17.5     NaN  941.42    NaN  -17.5     NaN  941.42 
736743.000000    NaN 1634.5     NaN  963.15    NaN 1634.5     NaN  963.15     NaN   15.1     NaN  962.79    NaN   15.1     NaN  962.79 
736745.000000    NaN 1629.1     NaN  891.65    NaN 1629.1     NaN  891.65     NaN    8.2     NaN  892.39    NaN    8.2     NaN  892.39 
736748.000000 1606.0    NaN 1043.52     NaN 1606.0    NaN 1043.52     NaN   -12.0    NaN 1042.33     NaN  -12.0    NaN 1042.33     NaN 
736753.000000    NaN 1623.4     NaN 1039.88    NaN 1623.4     NaN 1039.88     NaN   -0.0     NaN 1041.76    NaN   -0.0     NaN 1041.76 
736763.000000 1614.3 1603.9  909.40  912.42 1614.3 1603.9  909.40  912.42   -10.6  -17.7  912.06  913.25  -10.6  -17.7  912.06  913.25 
736765.000000    NaN 1601.8     NaN  936.76    NaN 1601.8     NaN  936.76     NaN  -17.5     NaN  936.15    NaN  -17.5     NaN  936.15 
736766.000000 1612.5 1615.1  945.91  951.18 1612.5 1615.1  945.91  951.18    -7.1   -5.9  945.94  951.67   -7.1   -5.9  945.94  951.67 
736767.000000    NaN 1598.7     NaN  989.41    NaN 1598.7     NaN  989.41     NaN  -12.3     NaN  984.67    NaN  -12.3     NaN  984.67 
736768.000000    NaN 1616.1     NaN 1014.37    NaN 1616.1     NaN 1014.37     NaN   -1.6     NaN 1013.29    NaN   -1.6     NaN 1013.29 
736778.000000 1598.9    NaN 1134.48     NaN 1598.9    NaN 1134.48     NaN   -16.7    NaN 1132.44     NaN  -16.7    NaN 1132.44     NaN 
736781.000000    NaN 1599.8     NaN 1084.03    NaN 1599.8     NaN 1084.03     NaN  -16.5     NaN 1082.16    NaN  -16.5     NaN 1082.16 
736782.000000 1620.2 1625.1 1034.43 1029.58 1620.2 1625.1 1034.43 1029.58     1.8    3.4 1033.79 1030.11    1.8    3.4 1033.79 1030.11 
736788.000000 1614.6 1620.5  988.08  994.03 1614.6 1620.5  988.08  994.03    -6.5   -3.4  988.57  996.12   -6.5   -3.4  988.57  996.12 
736789.000000 1623.4    NaN  987.06     NaN 1623.4    NaN  987.06     NaN     2.3    NaN  987.44     NaN    2.3    NaN  987.44     NaN 
736790.000000    NaN 1594.6     NaN 1018.69    NaN 1594.6     NaN 1018.69     NaN  -26.4     NaN 1019.67    NaN  -26.4     NaN 1019.67 
736791.000000 1647.3 1640.2 1094.47 1108.97 1647.3 1640.2 1094.47 1108.97    21.2    5.3 1097.62 1117.22   21.2    5.3 1097.62 1117.22 
736792.000000 1613.3 1604.4 1066.03 1066.32 1613.3 1604.4 1066.03 1066.32   -12.7  -15.0 1068.89 1066.15  -12.7  -15.0 1068.89 1066.15 
736793.000000 1596.5    NaN 1073.24     NaN 1596.5    NaN 1073.24     NaN   -21.7    NaN 1072.28     NaN  -21.7    NaN 1072.28     NaN 
736794.000000 1636.6 1623.9 1090.94 1108.01 1636.6 1623.9 1090.94 1108.01    14.2   -0.9 1092.30 1110.57   14.2   -0.9 1092.30 1110.57 
736798.000000    NaN 1610.9     NaN 1006.86    NaN 1610.9     NaN 1006.86     NaN   -8.9     NaN 1006.97    NaN   -8.9     NaN 1006.97 
736804.000000 1610.3 1608.3 1033.13 1042.92 1610.3 1608.3 1033.13 1042.92    -9.0  -16.9 1032.77 1045.68   -9.0  -16.9 1032.77 1045.68 
736805.000000 1595.9    NaN 1048.54     NaN 1595.9    NaN 1048.54     NaN   -23.9    NaN 1048.35     NaN  -23.9    NaN 1048.35     NaN 
736806.000000 1608.4    NaN 1033.32     NaN 1608.4    NaN 1033.32     NaN   -13.1    NaN 1034.30     NaN  -13.1    NaN 1034.30     NaN 
736817.000000    NaN 1633.1     NaN 1091.07    NaN 1633.1     NaN 1091.07     NaN   16.5     NaN 1089.44    NaN   16.5     NaN 1089.44 
736818.000000    NaN 1613.7     NaN 1066.21    NaN 1613.7     NaN 1066.21     NaN   -7.6     NaN 1067.42    NaN   -7.6     NaN 1067.42 
736828.000000 1620.6 1642.2 1108.05 1108.16 1620.6 1642.2 1108.05 1108.16    -3.2   18.5 1110.23 1110.43   -3.2   18.5 1110.23 1110.43 
736833.000000 1623.7    NaN  948.31     NaN 1623.7    NaN  948.31     NaN     5.1    NaN  947.87     NaN    5.1    NaN  947.87     NaN 
736835.000000    NaN 1630.1     NaN  955.84    NaN 1630.1     NaN  955.84     NaN    6.3     NaN  957.83    NaN    6.3     NaN  957.83 
736837.000000 1628.2    NaN 1045.50     NaN 1628.2    NaN 1045.50     NaN    10.1    NaN 1044.73     NaN   10.1    NaN 1044.73     NaN 
736839.000000 1615.3 1619.3 1023.91 1027.98 1615.3 1619.3 1023.91 1027.98    -9.3   -5.3 1026.21 1030.48   -9.3   -5.3 1026.21 1030.48 
736841.000000    NaN 1639.9     NaN 1056.64    NaN 1639.9     NaN 1056.64     NaN   15.1     NaN 1059.18    NaN   15.1     NaN 1059.18 
736842.000000 1625.5    NaN 1048.97     NaN 1625.5    NaN 1048.97     NaN     4.5    NaN 1049.62     NaN    4.5    NaN 1049.62     NaN 
736844.000000 1623.8 1621.3 1019.05 1043.45 1623.8 1621.3 1019.05 1043.45     5.1   -0.0 1018.49 1044.02    5.1   -0.0 1018.49 1044.02 
736845.000000    NaN 1617.4     NaN 1064.72    NaN 1617.4     NaN 1064.72     NaN   -5.5     NaN 1066.20    NaN   -5.5     NaN 1066.20 
736846.000000 1619.4 1616.2 1047.02 1062.25 1619.4 1616.2 1047.02 1062.25     0.1   -8.0 1046.84 1064.20    0.1   -8.0 1046.84 1064.20 
736847.000000 1619.0 1631.4 1051.77 1036.98 1619.0 1631.4 1051.77 1036.98    -4.6    7.7 1053.52 1038.95   -4.6    7.7 1053.52 1038.95 
736848.000000 1599.3 1600.8 1015.04 1015.41 1599.3 1600.8 1015.04 1015.41   -17.7  -17.6 1013.75 1014.50  -17.7  -17.6 1013.75 1014.50 
736849.000000 1630.9 1615.2 1010.75 1020.78 1630.9 1615.2 1010.75 1020.78     6.5   -8.5 1012.68 1022.88    6.5   -8.5 1012.68 1022.88 
736850.000000 1608.8 1629.9 1050.55 1047.48 1608.8 1629.9 1050.55 1047.48   -10.4    9.2 1049.81 1047.59  -10.4    9.2 1049.81 1047.59 
736854.000000 1617.7 1611.3 1013.49 1034.60 1617.7 1611.3 1013.49 1034.60    -1.7  -11.7 1013.34 1035.78   -1.7  -11.7 1013.34 1035.78 
736855.000000 1628.7 1617.6  995.39 1010.72 1628.7 1617.6  995.39 1010.72     9.2   -5.3  994.71 1011.91    9.2   -5.3  994.71 1011.91 
736856.000000 1622.9    NaN 1019.03     NaN 1622.9    NaN 1019.03     NaN     4.5    NaN 1018.41     NaN    4.5    NaN 1018.41     NaN 
736857.000000    NaN 1638.9     NaN 1025.61    NaN 1638.9     NaN 1025.61     NaN   14.9     NaN 1027.09    NaN   14.9     NaN 1027.09 
736860.000000 1608.2    NaN  999.29     NaN 1608.2    NaN  999.29     NaN   -10.9    NaN  998.82     NaN  -10.9    NaN  998.82     NaN 
736861.000000 1639.5    NaN  970.85     NaN 1639.5    NaN  970.85     NaN    16.9    NaN  972.21     NaN   16.9    NaN  972.21     NaN 
736862.000000 1634.8 1613.4  966.02  988.58 1634.8 1613.4  966.02  988.58    14.4   -6.2  966.23  988.19   14.4   -6.2  966.23  988.19 
736863.000000 1633.4 1626.6  978.25 1004.12 1633.4 1626.6  978.25 1004.12    16.9    5.3  976.68 1004.51   16.9    5.3  976.68 1004.51 
736864.000000    NaN 1628.2     NaN  984.56    NaN 1628.2     NaN  984.56     NaN    8.8     NaN  984.41    NaN    8.8     NaN  984.41 
736865.000000 1600.3    NaN  973.57     NaN 1600.3    NaN  973.57     NaN   -17.2    NaN  972.56     NaN  -17.2    NaN  972.56     NaN 
736866.000000 1614.3 1635.0  981.86  966.99 1614.3 1635.0  981.86  966.99   -10.6   13.7  984.26  967.61  -10.6   13.7  984.26  967.61 
736874.000000    NaN 1630.0     NaN  964.90    NaN 1630.0     NaN  964.90     NaN    7.2     NaN  966.38    NaN    7.2     NaN  966.38 
736875.000000 1631.8 1610.0  969.65  995.65 1631.8 1610.0  969.65  995.65     8.3  -11.2  971.16  996.75    8.3  -11.2  971.16  996.75 
736876.000000 1624.2 1636.3  969.87  972.84 1624.2 1636.3  969.87  972.84     7.6   15.1  968.14  973.62    7.6   15.1  968.14  973.62 
736877.000000 1634.0 1627.1  961.40  993.45 1634.0 1627.1  961.40  993.45    13.7    5.6  961.59  994.39   13.7    5.6  961.59  994.39 
736878.000000 1611.5 1636.9  984.86  985.15 1611.5 1636.9  984.86  985.15    -7.2   13.5  984.19  986.50   -7.2   13.5  984.19  986.50 
736879.000000 1607.8 1611.3  990.74  999.62 1607.8 1611.3  990.74  999.62   -12.1  -10.0  990.50 1000.34  -12.1  -10.0  990.50 1000.34 
736880.000000 1632.2 1626.0 1003.35 1009.15 1632.2 1626.0 1003.35 1009.15    12.1    4.8 1003.28 1009.91   12.1    4.8 1003.28 1009.91 
736881.000000 1601.9 1596.1 1014.67 1024.37 1601.9 1596.1 1014.67 1024.37   -14.1  -22.5 1013.08 1023.59  -14.1  -22.5 1013.08 1023.59 
736882.000000    NaN 1620.9     NaN 1025.70    NaN 1620.9     NaN 1025.70     NaN    1.1     NaN 1026.04    NaN    1.1     NaN 1026.04 
736883.000000 1636.9 1632.9 1005.25 1011.36 1636.9 1632.9 1005.25 1011.36    15.8   11.8 1005.73 1011.69   15.8   11.8 1005.73 1011.69 
736884.000000 1625.7 1620.3 1011.77 1026.30 1625.7 1620.3 1011.77 1026.30     6.1   -1.6 1011.38 1027.37    6.1   -1.6 1011.38 1027.37 
736885.000000 1609.4 1627.2 1019.57 1014.53 1609.4 1627.2 1019.57 1014.53   -10.0    4.7 1019.10 1015.53  -10.0    4.7 1019.10 1015.53 
736886.000000 1623.5 1612.5 1012.45 1042.29 1623.5 1612.5 1012.45 1042.29     3.0  -11.6 1012.67 1044.30    3.0  -11.6 1012.67 1044.30 
736887.000000 1638.4    NaN 1054.41     NaN 1638.4    NaN 1054.41     NaN    18.4    NaN 1054.36     NaN   18.4    NaN 1054.36     NaN 
736888.000000 1614.7 1614.3 1017.07 1030.68 1614.7 1614.3 1017.07 1030.68    -2.9   -5.5 1015.89 1030.56   -2.9   -5.5 1015.89 1030.56 
736895.000000 1620.9 1624.7 1018.09 1021.59 1620.9 1624.7 1018.09 1021.59    -1.3    2.8 1019.22 1022.25   -1.3    2.8 1019.22 1022.25 
736896.000000 1613.5 1648.0 1007.14  979.22 1613.5 1648.0 1007.14  979.22    -6.2   28.5 1006.91  978.51   -6.2   28.5 1006.91  978.51 
736897.000000 1636.3 1618.5 1000.06 1023.57 1636.3 1618.5 1000.06 1023.57    15.6   -3.2 1000.50 1024.55   15.6   -3.2 1000.50 1024.55 
736898.000000 1626.9 1630.6 1035.70 1040.53 1626.9 1630.6 1035.70 1040.53     8.5   10.1 1034.77 1040.86    8.5   10.1 1034.77 1040.86 
736899.000000 1618.8 1606.5 1028.72 1030.53 1618.8 1606.5 1028.72 1030.53     0.3  -12.7 1028.01 1029.98    0.3  -12.7 1028.01 1029.98 
736906.000000    NaN 1607.2     NaN  999.59    NaN 1607.2     NaN  999.59     NaN  -11.9     NaN  999.31    NaN  -11.9     NaN  999.31 
736907.000000 1623.1 1639.7 1011.09 1002.47 1623.1 1639.7 1011.09 1002.47     0.5   18.7 1012.10 1003.13    0.5   18.7 1012.10 1003.13 
736908.000000 1604.3 1645.1 1022.24 1005.36 1604.3 1645.1 1022.24 1005.36   -14.1   21.7 1021.42 1006.96  -14.1   21.7 1021.42 1006.96 
736909.000000 1631.4 1626.7  985.27  978.80 1631.4 1626.7  985.27  978.80    11.3    6.5  985.30  978.67   11.3    6.5  985.30  978.67 
736910.000000 1632.3 1623.3  973.65  995.45 1632.3 1623.3  973.65  995.45     8.9    0.5  975.29  996.50    8.9    0.5  975.29  996.50 
736911.000000 1623.5 1640.2  996.67 1002.02 1623.5 1640.2  996.67 1002.02     3.9   19.6  996.45 1002.40    3.9   19.6  996.45 1002.40 
736912.000000 1628.4 1628.4  980.20  984.48 1628.4 1628.4  980.20  984.48    10.8    4.5  978.92  986.32   10.8    4.5  978.92  986.32 
736913.000000 1631.7    NaN  977.53     NaN 1631.7    NaN  977.53     NaN    16.0    NaN  975.66     NaN   16.0    NaN  975.66     NaN 
736919.000000 1634.7 1633.2  949.63  961.24 1634.7 1633.2  949.63  961.24    12.4    7.6  950.65  964.27   12.4    7.6  950.65  964.27 
736920.000000    NaN 1628.2     NaN  967.12    NaN 1628.2     NaN  967.12     NaN    6.0     NaN  968.35    NaN    6.0     NaN  968.35 
736921.000000 1618.5 1618.4  971.14  978.51 1618.5 1618.4  971.14  978.51    -2.9   -6.4  971.66  981.64   -2.9   -6.4  971.66  981.64 
736922.000000 1625.2 1628.7  985.04  986.81 1625.2 1628.7  985.04  986.81     2.8    7.5  986.08  987.63    2.8    7.5  986.08  987.63 
736923.000000 1619.9 1626.7  989.32  985.11 1619.9 1626.7  989.32  985.11    -4.8    3.3  991.58  986.85   -4.8    3.3  991.58  986.85 
736924.000000 1630.7 1627.4  978.76  979.61 1630.7 1627.4  978.76  979.61    10.8    3.0  978.63  981.91   10.8    3.0  978.63  981.91 
736925.000000 1633.7    NaN  974.66     NaN 1633.7    NaN  974.66     NaN    13.6    NaN  974.79     NaN   13.6    NaN  974.79     NaN 
736926.000000 1626.0    NaN  976.63     NaN 1626.0    NaN  976.63     NaN     5.3    NaN  976.78     NaN    5.3    NaN  976.78     NaN 
736931.000000 1621.2    NaN  954.64     NaN 1621.2    NaN  954.64     NaN    -2.1    NaN  956.68     NaN   -2.1    NaN  956.68     NaN 
736936.000000 1647.1 1611.7  947.78  980.53 1647.1 1611.7  947.78  980.53    23.0   -8.4  949.91  980.54   23.0   -8.4  949.91  980.54 
736937.000000 1628.9 1633.1  988.86 1001.25 1628.9 1633.1  988.86 1001.25     7.6    5.9  989.31 1004.93    7.6    5.9  989.31 1004.93 
736938.000000 1600.4 1630.7  997.00  986.09 1600.4 1630.7  997.00  986.09   -19.9    1.9  997.32  991.22  -19.9    1.9  997.32  991.22 
736940.000000 1612.1    NaN  963.54     NaN 1612.1    NaN  963.54     NaN   -12.0    NaN  965.55     NaN  -12.0    NaN  965.55     NaN 
736941.000000 1641.2 1647.3  937.66  933.11 1641.2 1647.3  937.66  933.11    21.2   23.6  937.68  935.10   21.2   23.6  937.68  935.10 
736943.000000    NaN 1616.2     NaN  954.30    NaN 1616.2     NaN  954.30     NaN  -12.6     NaN  959.38    NaN  -12.6     NaN  959.38 
736944.000000 1622.2    NaN  952.45     NaN 1622.2    NaN  952.45     NaN    -0.9    NaN  954.05     NaN   -0.9    NaN  954.05     NaN 
736948.000000 1627.7 1620.4  960.26  976.46 1627.7 1620.4  960.26  976.46     5.7   -2.4  961.20  977.60    5.7   -2.4  961.20  977.60 
736949.000000 1619.4    NaN  970.11     NaN 1619.4    NaN  970.11     NaN    -0.9    NaN  970.23     NaN   -0.9    NaN  970.23     NaN 
736950.000000 1635.4 1619.0  976.05  988.25 1635.4 1619.0  976.05  988.25    11.4   -3.1  977.96  988.88   11.4   -3.1  977.96  988.88 
736951.000000    NaN 1610.7     NaN  985.63    NaN 1610.7     NaN  985.63     NaN  -11.9     NaN  986.80    NaN  -11.9     NaN  986.80 
736960.000000 1611.9 1616.4  995.77  995.41 1611.9 1616.4  995.77  995.41    -5.8   -8.2  994.69  997.53   -5.8   -8.2  994.69  997.53 
736967.000000 1605.3 1622.0  980.63  973.80 1605.3 1622.0  980.63  973.80   -20.3   -0.2  983.36  974.91  -20.3   -0.2  983.36  974.91 
736969.000000 1619.5 1611.6  982.12  980.81 1619.5 1611.6  982.12  980.81    -2.6  -12.8  983.00  983.36   -2.6  -12.8  983.00  983.36 
736970.000000 1616.1 1630.0  987.75  988.14 1616.1 1630.0  987.75  988.14    -7.3    9.2  989.22  988.52   -7.3    9.2  989.22  988.52 
736971.000000 1635.4 1628.3  967.29  967.83 1635.4 1628.3  967.29  967.83    15.2    5.0  967.43  969.02   15.2    5.0  967.43  969.02 
736972.000000 1624.5 1631.2  962.70  961.11 1624.5 1631.2  962.70  961.11     2.1   13.4  963.94  960.12    2.1   13.4  963.94  960.12 
736973.000000 1621.8 1628.6  961.60  974.09 1621.8 1628.6  961.60  974.09    -1.3    6.2  963.31  975.44   -1.3    6.2  963.31  975.44 
736974.000000 1623.7 1643.3  975.60  960.82 1623.7 1643.3  975.60  960.82    -0.5   19.8  977.71  963.02   -0.5   19.8  977.71  963.02 
736975.000000 1641.8 1633.3  947.22  960.26 1641.8 1633.3  947.22  960.26    21.5    8.0  947.42  963.04   21.5    8.0  947.42  963.04 
736987.000000 1622.9 1630.8  942.58  932.65 1622.9 1630.8  942.58  932.65    -2.5    7.7  945.62  934.38   -2.5    7.7  945.62  934.38 
736988.000000 1610.6    NaN  917.31     NaN 1610.6    NaN  917.31     NaN   -14.4    NaN  920.02     NaN  -14.4    NaN  920.02     NaN 
736993.000000    NaN 1627.0     NaN  908.02    NaN 1627.0     NaN  908.02     NaN    5.1     NaN  909.20    NaN    5.1     NaN  909.20 
736997.000000 1604.3 1636.1  942.31  918.96 1604.3 1636.1  942.31  918.96   -16.4   13.5  942.63  920.87  -16.4   13.5  942.63  920.87 
736998.000000 1623.2 1615.2  944.04  957.38 1623.2 1615.2  944.04  957.38     1.0   -9.8  945.30  960.00    1.0   -9.8  945.30  960.00 
736999.000000 1630.0 1640.4  955.00  955.60 1630.0 1640.4  955.00  955.60     6.2   19.8  957.11  955.57    6.2   19.8  957.11  955.57 
737000.000000 1628.8 1599.5  935.52  951.76 1628.8 1599.5  935.52  951.76     5.8  -23.8  937.01  953.63    5.8  -23.8  937.01  953.63 
737001.000000    NaN 1614.3     NaN  936.15    NaN 1614.3     NaN  936.15     NaN   -8.9     NaN  938.06    NaN   -8.9     NaN  938.06 
737007.000000    NaN 1623.9     NaN 1004.66    NaN 1623.9     NaN 1004.66     NaN   -1.6     NaN 1007.58    NaN   -1.6     NaN 1007.58 
737009.000000 1623.8    NaN  949.36     NaN 1623.8    NaN  949.36     NaN    -8.3    NaN  955.42     NaN   -8.3    NaN  955.42     NaN 
737010.000000 1616.1    NaN  943.53     NaN 1616.1    NaN  943.53     NaN    -5.9    NaN  944.47     NaN   -5.9    NaN  944.47     NaN 
737013.000000 1610.2    NaN  979.23     NaN 1610.2    NaN  979.23     NaN   -10.8    NaN  979.69     NaN  -10.8    NaN  979.69     NaN 
737017.000000 1596.0    NaN 1012.31     NaN 1596.0    NaN 1012.31     NaN   -24.0    NaN 1012.56     NaN  -24.0    NaN 1012.56     NaN 
737018.000000 1630.3    NaN  981.31     NaN 1630.3    NaN  981.31     NaN    15.8    NaN  979.02     NaN   15.8    NaN  979.02     NaN 
737021.000000 1611.7    NaN  948.88     NaN 1611.7    NaN  948.88     NaN    -6.4    NaN  947.66     NaN   -6.4    NaN  947.66     NaN 
737035.000000    NaN 1620.9     NaN  930.86    NaN 1620.9     NaN  930.86     NaN   -4.4     NaN  933.45    NaN   -4.4     NaN  933.45 
737036.000000 1633.7    NaN  928.77     NaN 1633.7    NaN  928.77     NaN     8.6    NaN  931.14     NaN    8.6    NaN  931.14     NaN 
737037.000000 1618.1 1622.9  918.81  917.79 1618.1 1622.9  918.81  917.79    -0.8    1.3  918.25  918.53   -0.8    1.3  918.25  918.53 
737039.000000 1627.6    NaN  968.93     NaN 1627.6    NaN  968.93     NaN     4.8    NaN  970.36     NaN    4.8    NaN  970.36     NaN 
737043.000000 1649.9 1625.0  917.87  930.73 1649.9 1625.0  917.87  930.73    27.4    2.9  919.09  931.48   27.4    2.9  919.09  931.48 
737044.000000 1606.5    NaN  984.73     NaN 1606.5    NaN  984.73     NaN   -12.0    NaN  983.85     NaN  -12.0    NaN  983.85     NaN 
737048.000000 1609.8    NaN  933.37     NaN 1609.8    NaN  933.37     NaN    -9.0    NaN  932.78     NaN   -9.0    NaN  932.78     NaN 
737049.000000 1618.2    NaN  931.38     NaN 1618.2    NaN  931.38     NaN    -3.9    NaN  932.48     NaN   -3.9    NaN  932.48     NaN 
737057.000000    NaN 1610.4     NaN  940.73    NaN 1610.4     NaN  940.73     NaN   -5.7     NaN  938.84    NaN   -5.7     NaN  938.84 
737061.000000 1617.6 1639.9  988.02  973.33 1617.6 1639.9  988.02  973.33    -2.2   15.9  987.46  975.12   -2.2   15.9  987.46  975.12 
737062.000000 1637.3 1619.5  973.93  995.55 1637.3 1619.5  973.93  995.55    15.5   -1.3  974.91  995.65   15.5   -1.3  974.91  995.65 
737064.000000 1607.6 1640.5  950.67  939.34 1607.6 1640.5  950.67  939.34   -10.9   16.8  950.22  941.11  -10.9   16.8  950.22  941.11 
737065.000000 1640.8 1605.5  886.45  911.81 1640.8 1605.5  886.45  911.81    27.9  -14.9  883.01  912.18   27.9  -14.9  883.01  912.18 
737070.000000 1631.1 1622.9  919.33  925.36 1631.1 1622.9  919.33  925.36     9.0   -0.2  920.61  926.89    9.0   -0.2  920.61  926.89 
737072.000000    NaN 1604.3     NaN  932.56    NaN 1604.3     NaN  932.56     NaN  -20.8     NaN  934.82    NaN  -20.8     NaN  934.82 
737080.000000 1610.6 1619.4 1034.44 1016.32 1610.6 1619.4 1034.44 1016.32   -16.3   -5.7 1035.21 1016.46  -11.3   -0.7 1035.21 1016.46 
737085.000000 1642.2 1605.9  996.06 1016.09 1642.2 1605.9  996.06 1016.09     6.6  -22.9 1000.81 1017.95   11.6  -17.9 1000.81 1017.95 
737121.000000 1538.5    NaN  938.46     NaN 1537.4    NaN  938.89     NaN   -16.7    NaN  938.54     NaN  -18.2    NaN  939.27     NaN 
737124.000000 1568.4 1542.3  909.83  927.77 1566.8 1543.6  910.64  926.89    14.8  -13.0  908.92  928.16   13.4  -14.3  909.66  928.79 
737126.000000 1538.7    NaN  919.06     NaN 1535.8    NaN  920.62     NaN   -23.1    NaN  922.49     NaN  -25.2    NaN  923.45     NaN 
737127.000000 1557.6 1538.5  904.70  920.85 1555.9 1537.7  905.42  921.21    -0.1  -17.8  906.13  921.44   -2.5  -19.7  907.18  922.47 
737129.000000    NaN 1533.0     NaN 1003.57    NaN 1531.6     NaN 1003.88     NaN  -18.3     NaN 1001.20    NaN  -19.7     NaN 1001.79 
737130.000000    NaN 1565.0     NaN  993.94    NaN 1563.1     NaN  994.88     NaN    9.0     NaN  994.19    NaN    8.9     NaN  994.49 
737131.000000 1566.7    NaN 1002.47     NaN 1566.3    NaN 1002.76     NaN     8.5    NaN 1004.46     NaN    6.2    NaN 1005.73     NaN 
737132.000000    NaN 1577.6     NaN  978.69    NaN 1575.2     NaN  979.99     NaN   20.5     NaN  979.95    NaN   17.5     NaN  981.55 
737133.000000 1548.1    NaN  979.95     NaN 1544.4    NaN  981.81     NaN    -9.6    NaN  981.52     NaN  -11.4    NaN  982.72     NaN 
737139.000000 1550.2    NaN  966.72     NaN 1549.7    NaN  967.26     NaN    -9.7    NaN  969.67     NaN  -10.5    NaN  970.05     NaN 
737140.000000    NaN 1543.5     NaN  964.53    NaN 1542.9     NaN  964.89     NaN  -14.1     NaN  966.21    NaN  -17.5     NaN  967.66 
737141.000000 1541.0 1554.3  963.33  955.24 1539.8 1552.6  964.15  955.59    -9.5   -5.1  960.60  957.60  -11.1   -6.4  961.37  957.90 
737144.000000    NaN 1546.4     NaN 1081.15    NaN 1545.6     NaN 1081.63     NaN  -12.7     NaN 1084.00    NaN  -14.4     NaN 1084.95 
737149.000000    NaN 1571.0     NaN 1126.51    NaN 1569.5     NaN 1127.53     NaN   17.6     NaN 1126.06    NaN   14.8     NaN 1127.37 
737153.000000 1555.3    NaN 1032.54     NaN 1554.8    NaN 1032.83     NaN    -0.7    NaN 1033.05     NaN   -1.8    NaN 1033.80     NaN 
737155.000000 1522.7    NaN 1016.23     NaN 1522.3    NaN 1016.52     NaN   -28.6    NaN 1014.09     NaN  -29.6    NaN 1014.69     NaN 
737160.000000 1560.8 1561.7 1095.46 1091.47 1559.5 1560.5 1096.10 1092.09     6.9    4.1 1094.86 1092.51    6.0    3.5 1095.41 1092.80 
737161.000000 1571.3 1544.5 1079.14 1091.23 1569.7 1544.7 1079.78 1091.29    15.7   -9.1 1079.82 1090.80   14.1  -10.1 1080.61 1091.34 
737162.000000 1568.0    NaN 1116.69     NaN 1568.7    NaN 1116.26     NaN    13.5    NaN 1116.33     NaN   13.2    NaN 1116.61     NaN 
737163.000000 1561.7    NaN 1068.37     NaN 1560.8    NaN 1068.73     NaN     0.1    NaN 1072.06     NaN   -2.2    NaN 1073.46     NaN 
737164.000000    NaN 1575.1     NaN 1042.27    NaN 1573.6     NaN 1043.37     NaN   19.8     NaN 1041.99    NaN   20.2     NaN 1042.01 
737165.000000    NaN 1549.9     NaN 1072.46    NaN 1548.3     NaN 1073.16     NaN  -11.5     NaN 1075.62    NaN  -12.3     NaN 1076.01 
737166.000000 1574.4    NaN 1072.25     NaN 1571.2    NaN 1073.86     NaN    17.7    NaN 1073.07     NaN   16.3    NaN 1073.79     NaN 
737167.000000 1560.2    NaN 1111.24     NaN 1559.0    NaN 1111.78     NaN     4.1    NaN 1112.08     NaN    3.1    NaN 1112.76     NaN 
737175.000000    NaN 1551.1     NaN 1103.42    NaN 1549.6     NaN 1104.18     NaN   -2.9     NaN 1102.60    NaN   -4.9     NaN 1103.80 
737178.000000 1550.9    NaN 1087.98     NaN 1547.4    NaN 1089.81     NaN    -7.5    NaN 1089.59     NaN   -8.2    NaN 1089.77     NaN 
737183.000000 1531.8    NaN 1086.93     NaN 1531.4    NaN 1087.38     NaN   -24.1    NaN 1087.66     NaN  -25.3    NaN 1088.22     NaN 
737184.000000 1574.0 1564.4 1070.69 1065.29 1571.4 1562.4 1071.94 1066.35    14.6    3.2 1072.89 1068.31   14.4    2.0 1072.93 1068.85 
737187.000000    NaN 1546.7     NaN 1190.89    NaN 1545.0     NaN 1191.73     NaN  -12.8     NaN 1193.08    NaN  -14.4     NaN 1193.86 
737189.000000 1567.7    NaN 1125.01     NaN 1566.2    NaN 1125.75     NaN    18.0    NaN 1122.67     NaN   13.8    NaN 1124.58     NaN 
737190.000000 1555.3    NaN 1041.49     NaN 1554.0    NaN 1042.11     NaN    -1.2    NaN 1042.53     NaN   -2.9    NaN 1043.32     NaN 
737191.000000 1560.1 1561.3 1066.30 1077.60 1559.2 1561.7 1066.78 1077.35     3.3    6.0 1067.23 1077.74    1.5    5.8 1068.08 1077.60 
737193.000000 1560.4 1575.5 1035.51 1034.20 1557.7 1574.6 1037.20 1034.39     3.2   17.7 1037.20 1035.77    0.7   16.3 1038.44 1036.42 
737194.000000 1546.6    NaN 1051.17     NaN 1545.9    NaN 1051.56     NaN   -10.8    NaN 1052.22     NaN  -11.5    NaN 1052.62     NaN 
737195.000000    NaN 1542.0     NaN 1109.38    NaN 1541.9     NaN 1109.44     NaN  -11.5     NaN 1108.99    NaN  -12.9     NaN 1109.71 
737196.000000    NaN 1553.5     NaN 1136.81    NaN 1552.7     NaN 1137.25     NaN   -2.5     NaN 1137.38    NaN   -2.3     NaN 1137.33 
737198.000000 1571.4    NaN 1084.25     NaN 1571.1    NaN 1084.26     NaN    18.9    NaN 1083.02     NaN   18.9    NaN 1082.88     NaN 
737199.000000 1570.1    NaN 1096.90     NaN 1568.2    NaN 1097.92     NaN    15.2    NaN 1097.15     NaN   13.8    NaN 1097.81     NaN 
737200.000000 1551.8 1565.9 1092.15 1099.59 1550.2 1562.7 1093.24 1100.97   -11.2    8.4 1095.97 1100.73  -12.6    8.5 1096.77 1100.82 
737201.000000    NaN 1565.0     NaN 1114.57    NaN 1565.2     NaN 1114.51     NaN   10.9     NaN 1113.81    NaN    7.6     NaN 1115.81 
737207.000000    NaN 1537.6     NaN 1079.41    NaN 1534.6     NaN 1080.87     NaN  -19.2     NaN 1080.31    NaN  -20.4     NaN 1080.93 
737208.000000 1554.3 1561.1 1097.07 1084.46 1552.8 1561.1 1097.77 1084.31    -5.2   -2.0 1099.31 1088.64   -6.1   -3.6 1099.90 1089.25 
737209.000000 1561.1 1536.3 1068.09 1095.26 1560.8 1534.2 1068.38 1095.99     0.1  -17.2 1070.92 1094.29   -2.1  -20.0 1071.90 1095.42 
737211.000000    NaN 1559.5     NaN 1087.27    NaN 1559.0     NaN 1087.36     NaN    4.3     NaN 1087.30    NaN    3.5     NaN 1087.41 
737220.000000 1566.1 1532.0 1058.49 1097.61 1567.4 1530.1 1057.63 1098.70    17.4  -23.1 1054.84 1097.66   15.1  -24.7 1056.31 1098.68 
737221.000000 1573.9 1560.0 1054.76 1070.80 1573.7 1557.3 1054.93 1072.12    25.2    0.1 1050.78 1073.40   24.0   -1.8 1051.22 1074.25 
737223.000000 1540.1 1549.0 1031.56 1028.72 1539.6 1546.8 1031.68 1029.74   -15.7   -5.5 1031.64 1028.68  -16.9   -8.6 1032.35 1030.04 
737225.000000 1555.8    NaN 1071.77     NaN 1555.1    NaN 1072.21     NaN    -3.3    NaN 1073.76     NaN   -2.9    NaN 1073.73     NaN 
737226.000000 1564.3    NaN 1088.31     NaN 1564.7    NaN 1087.98     NaN    10.2    NaN 1087.90     NaN    9.3    NaN 1087.99     NaN 
737228.000000 1567.0    NaN 1082.03     NaN 1565.7    NaN 1082.74     NaN    14.6    NaN 1080.62     NaN   14.1    NaN 1080.86     NaN 
737231.000000 1534.4 1568.4 1026.33 1009.69 1534.0 1567.8 1026.49 1010.01   -20.1    4.7 1025.92 1013.85  -21.5    4.5 1026.43 1013.75 
737232.000000    NaN 1538.4     NaN 1024.39    NaN 1537.2     NaN 1025.28     NaN  -19.7     NaN 1026.17    NaN  -20.6     NaN 1026.92 
737233.000000 1551.1 1568.2 1022.54  993.77 1549.6 1564.2 1023.42  996.15   -15.0   -0.3 1028.06 1001.19  -18.5   -0.6 1030.07 1001.42 
737234.000000 1573.4 1543.3  991.77 1012.21 1571.9 1542.5  992.45 1012.52    17.4  -16.7  992.08 1014.51   16.1  -18.2  992.45 1015.47 
737235.000000    NaN 1547.4     NaN 1004.68    NaN 1545.8     NaN 1005.65     NaN   -7.8     NaN 1004.86    NaN   -8.6     NaN 1005.12 
737236.000000    NaN 1564.8     NaN 1014.38    NaN 1564.1     NaN 1014.96     NaN    4.7     NaN 1017.35    NaN    4.6     NaN 1017.41 
737237.000000 1562.0 1569.1  990.60  995.21 1560.7 1566.2  991.21  996.66     0.7   11.1  993.97  996.87   -1.6    9.8  995.06  997.51 
737238.000000 1560.8    NaN  985.24     NaN 1558.7    NaN  986.06     NaN     4.4    NaN  985.72     NaN    3.7    NaN  986.12     NaN 
737239.000000 1568.8 1546.0  976.06 1013.45 1567.6 1544.3  976.71 1014.28     5.0   -6.7  980.69 1012.13    4.0   -9.4  981.34 1013.47 
737241.000000 1545.0 1572.9 1054.09 1032.60 1543.1 1570.3 1055.00 1033.96   -10.3   13.0 1054.06 1035.33  -11.4   11.7 1054.67 1035.93 
737242.000000 1557.0 1562.2 1007.76 1009.19 1555.5 1561.9 1008.50 1009.46    -4.4    4.3 1011.02 1010.90   -6.0    3.0 1012.17 1011.43 
737243.000000 1553.2 1561.4 1008.63 1018.51 1553.6 1561.1 1008.52 1018.85    -6.5    6.2 1011.04 1018.48   -7.9    7.0 1011.75 1018.44 
737248.000000 1551.4    NaN 1018.19     NaN 1551.5    NaN 1018.11     NaN    -1.9    NaN 1017.38     NaN   -4.3    NaN 1018.44     NaN 
737256.000000    NaN 1546.4     NaN 1026.69    NaN 1545.7     NaN 1026.84     NaN   -9.1     NaN 1027.30    NaN   -9.9     NaN 1027.72 
737257.000000 1538.6 1561.6 1020.06 1017.55 1538.6 1560.6 1020.11 1018.20   -16.3    6.5 1019.99 1017.64  -16.6    5.9 1020.02 1017.96 
737258.000000 1557.4 1568.3 1006.19 1003.65 1555.9 1566.8 1006.99 1004.36    -2.9    7.7 1008.67 1006.69   -3.7    6.2 1009.05 1007.52 
737259.000000 1578.0    NaN  973.15     NaN 1576.0    NaN  973.97     NaN    24.6    NaN  972.26     NaN   23.0    NaN  972.97     NaN 
737263.000000 1570.0    NaN  991.14     NaN 1569.4    NaN  991.15     NaN    15.4    NaN  990.70     NaN   13.8    NaN  991.72     NaN 
737268.000000 1540.7    NaN  983.89     NaN 1538.7    NaN  985.00     NaN   -18.5    NaN  986.42     NaN  -20.5    NaN  987.53     NaN 
737273.000000 1561.9 1562.0  991.94 1003.90 1561.2 1560.5  992.31 1004.65     3.5    5.7  993.67 1004.22    3.4    2.7  994.00 1005.90 
737274.000000 1556.4 1559.1 1001.21 1008.98 1553.7 1558.2 1002.66 1009.31    -1.2    0.2 1002.55 1011.31   -1.1   -1.8 1002.50 1012.12 
737275.000000 1542.8    NaN 1004.44     NaN 1541.4    NaN 1005.27     NaN   -15.4    NaN 1005.90     NaN  -17.0    NaN 1006.67     NaN 
737281.000000 1544.4 1543.6 1004.66 1008.85 1542.9 1540.8 1005.33 1010.28   -11.2  -17.2 1005.08 1012.15  -10.9  -18.3 1004.85 1012.54 
737282.000000 1574.2 1555.9  977.12 1000.95 1572.0 1554.0  978.16 1001.84    16.3    0.7  978.09 1001.42   15.4   -2.1  978.63 1002.50 
737283.000000 1557.6 1553.3 1000.54 1020.32 1557.3 1552.3 1000.76 1020.78    -0.7   -6.5 1002.14 1022.58   -2.0   -6.2 1002.73 1022.49 
737287.000000 1570.4 1561.2  973.40  988.15 1568.3 1560.5  974.47  988.40    11.8    6.0  974.89  987.76    9.7    5.0  975.70  988.29 
737288.000000 1538.9 1564.5 1009.85 1003.65 1537.4 1564.9 1010.81 1003.56   -22.0    6.6 1012.79 1005.15  -22.7    6.4 1013.18 1005.48 
737289.000000 1559.9    NaN  997.94     NaN 1558.9    NaN  998.18     NaN     3.8    NaN  998.64     NaN    1.9    NaN  999.31     NaN 
737290.000000 1558.0 1555.6  981.26  984.60 1557.1 1554.3  981.66  985.26    -0.2    0.9  982.55  984.50   -1.0   -0.5  982.87  985.02 
737292.000000 1572.3 1576.0  943.99  955.61 1571.5 1575.6  944.20  955.94    17.1   14.4  944.33  959.36   16.3   14.3  944.60  959.53 
737293.000000 1557.9    NaN  962.25     NaN 1556.0    NaN  962.97     NaN     5.4    NaN  960.67     NaN    4.1    NaN  961.19     NaN 
737295.000000 1567.6 1574.0  953.62  959.19 1568.0 1573.3  953.68  959.57    13.2   12.7  953.19  962.86   12.8   12.0  953.43  963.09 
737296.000000 1564.0 1562.3  959.16  971.60 1562.3 1560.8  959.99  972.33     4.9    4.2  961.35  972.93    2.4    2.7  962.39  973.63 
737297.000000 1559.2 1566.0  978.40  984.88 1557.1 1565.2  979.32  985.17     5.1    7.6  978.18  987.13    3.3    8.5  978.93  986.78 
737298.000000    NaN 1558.2     NaN 1003.44    NaN 1557.1     NaN 1003.98     NaN    6.6     NaN 1001.49    NaN    4.8     NaN 1002.66 
737299.000000 1547.5 1552.5  999.04 1003.64 1547.3 1553.1  999.29 1003.26    -5.1   -0.5  997.88 1002.81   -5.7   -0.2  998.19 1002.74 
737300.000000    NaN 1557.6     NaN  977.11    NaN 1555.3     NaN  978.08     NaN   -1.9     NaN  979.35    NaN   -5.7     NaN  981.36 
737301.000000    NaN 1557.1     NaN  984.95    NaN 1554.6     NaN  986.03     NaN   -2.0     NaN  986.93    NaN   -2.4     NaN  987.03 
737302.000000    NaN 1553.9     NaN  994.70    NaN 1551.0     NaN  996.42     NaN   -6.9     NaN  997.97    NaN   -7.6     NaN  998.39 
737303.000000 1561.1 1564.9  982.92  999.09 1560.7 1565.9  982.96  998.64     1.9    9.5  985.11  998.95   -0.0   10.1  986.02  998.66 
737304.000000 1561.3 1563.3  979.00  983.38 1560.6 1562.1  979.30  983.94     8.3    6.3  977.99  984.42    6.9    5.9  978.80  984.66 
737305.000000 1552.4 1573.3  983.43  972.83 1552.2 1573.0  983.60  972.97    -4.7   15.5  984.83  974.45   -5.9   14.1  985.54  975.05 
737309.000000    NaN 1558.7     NaN  992.84    NaN 1557.4     NaN  993.52     NaN    3.2     NaN  992.65    NaN    1.6     NaN  993.18 
737310.000000 1564.6    NaN 1006.49     NaN 1563.1    NaN 1007.05     NaN     5.2    NaN 1009.38     NaN    2.0    NaN 1010.64     NaN 
737311.000000    NaN 1569.3     NaN  995.49    NaN 1568.6     NaN  995.90     NaN   12.4     NaN  996.37    NaN   11.8     NaN  996.87 
737312.000000 1566.9    NaN  971.53     NaN 1565.5    NaN  972.16     NaN    10.3    NaN  972.49     NaN   11.4    NaN  972.05     NaN 
737313.000000 1538.2    NaN  998.04     NaN 1537.0    NaN  998.60     NaN   -18.9    NaN  999.07     NaN  -19.0    NaN  999.03     NaN 
737314.000000 1572.9 1559.1  974.86  992.80 1572.0 1556.3  975.57  994.08    12.5   -2.6  978.14  996.05   13.2   -4.3  977.79  996.86 
737319.000000 1549.4 1551.9  953.84  967.70 1549.4 1551.5  953.79  967.77    -6.7   -5.8  954.57  969.27   -8.8   -6.8  955.46  969.83 
737320.000000 1557.1 1573.6  961.73  954.39 1556.9 1572.0  961.77  955.22    -1.3   14.5  963.75  956.87   -1.7   13.2  963.89  957.55 
737321.000000 1539.0 1555.5  979.95  964.46 1536.2 1554.3  981.26  965.21   -18.6   -1.4  981.60  965.84  -18.3   -3.5  981.22  966.80 
737324.000000 1566.1 1561.9  942.53  945.87 1565.2 1561.2  942.76  946.25     6.5    5.9  945.04  946.58    4.7    5.1  945.74  946.95 
737325.000000 1550.3 1576.3  950.33  938.28 1548.5 1574.5  951.23  938.88    -7.0   17.1  951.35  940.42   -8.5   14.7  952.17  941.39 
737328.000000 1563.0 1569.9  944.02  941.95 1563.2 1568.9  943.73  942.37     8.6   12.1  943.76  943.49    7.6   11.0  944.03  943.86 
737329.000000 1563.1    NaN  939.66     NaN 1562.0    NaN  940.35     NaN     9.1    NaN  939.84     NaN    8.2    NaN  940.16     NaN 
737336.000000 1550.9 1560.5  968.12  953.15 1550.1 1559.6  968.62  953.41   -11.5   -0.9  972.43  956.60  -10.9   -2.2  971.92  957.15 
737345.000000 1537.6 1574.2  953.07  926.52 1536.6 1573.5  953.33  926.87   -15.7   13.3  952.12  930.20  -18.0   12.1  953.33  930.58 
737346.000000 1535.5 1564.9  911.29  881.78 1533.8 1563.8  912.31  882.24   -22.4    7.5  913.60  883.39  -23.9    6.7  914.19  883.55 
737348.000000 1542.1 1544.8  851.59  849.91 1541.1 1543.5  852.03  850.15   -16.0  -18.5  853.19  854.59  -17.1  -19.6  853.68  855.01 
737349.000000 1530.4 1544.1  869.76  868.73 1530.1 1541.4  869.54  870.31   -24.5  -17.3  869.65  872.52  -27.4  -18.9  870.90  873.37 
737350.000000    NaN 1553.9     NaN  893.77    NaN 1552.5     NaN  894.40     NaN   -5.5     NaN  896.58    NaN   -7.2     NaN  897.41 
737364.000000 1564.1    NaN  986.55     NaN 1561.2    NaN  988.14     NaN    -2.3    NaN  987.40     NaN   -3.5    NaN  987.90     NaN 
737366.000000    NaN 1543.0     NaN  939.44    NaN 1540.1     NaN  940.89     NaN  -23.5     NaN  939.87    NaN  -25.5     NaN  940.88 
737367.000000 1567.0 1557.6  923.84  925.63 1565.2 1554.7  924.71  926.90    -1.9  -10.1  925.63  927.13   -3.6  -11.6  926.47  927.78 
737368.000000    NaN 1591.3     NaN  914.46    NaN 1589.2     NaN  915.39     NaN   24.2     NaN  915.63    NaN   21.1     NaN  917.19 
737369.000000 1572.4    NaN  919.83     NaN 1570.1    NaN  920.78     NaN     3.8    NaN  921.66     NaN    0.7    NaN  923.13     NaN 
737370.000000 1562.3 1563.6  910.67  909.62 1559.7 1561.3  911.77  910.87    -2.1   -1.1  910.23  909.64   -3.4   -2.9  910.64  910.54 
737371.000000 1572.9 1553.0  886.82  898.81 1572.6 1550.7  886.75  899.85     4.4  -13.1  888.83  899.31    4.3  -14.7  888.53  900.07 
737372.000000 1560.0 1565.5  879.19  872.69 1559.4 1563.5  879.47  873.64    -3.6   -2.1  878.74  874.05   -6.1   -5.1  880.01  875.51 
737373.000000 1586.7 1586.7  860.09  854.89 1584.2 1583.8  861.21  856.26    21.6   22.7  860.19  854.30   18.7   20.4  861.56  855.31 
737374.000000 1580.9 1556.4  846.90  869.92 1578.9 1553.6  847.64  871.23    16.4   -8.6  846.40  870.16   14.1  -11.8  847.40  871.52 
737375.000000 1573.2    NaN  872.17     NaN 1570.0    NaN  873.41     NaN     5.5    NaN  873.22     NaN    4.6    NaN  873.45     NaN 
737384.000000 1548.2    NaN  849.69     NaN 1545.6    NaN  850.84     NaN   -19.0    NaN  850.74     NaN  -21.6    NaN  851.97     NaN 
737389.000000 1546.3 1590.6  854.20  813.69 1544.2 1588.4  854.84  814.56   -23.9   25.4  856.67  813.75  -25.4   23.1  857.06  814.76 
737392.000000 1575.0    NaN  818.90     NaN 1572.1    NaN  820.07     NaN     5.7    NaN  820.71     NaN    5.2    NaN  821.04     NaN 
737396.000000 1567.1 1579.3  839.44  833.28 1565.1 1576.6  840.32  834.76    -0.4   13.9  840.97  833.62   -3.4   11.8  842.16  834.65 
737397.000000 1547.6 1580.0  854.51  839.07 1544.3 1580.0  856.00  838.99   -17.8   10.4  854.52  841.43  -19.9    9.0  855.57  841.99 
737398.000000 1555.5    NaN  845.34     NaN 1553.9    NaN  846.01     NaN   -14.5    NaN  847.66     NaN  -13.4    NaN  846.98     NaN 
737399.000000 1585.0    NaN  848.52     NaN 1584.0    NaN  849.06     NaN    21.9    NaN  847.42     NaN   18.5    NaN  848.88     NaN 
737402.000000 1578.0 1549.3  836.34  843.69 1576.9 1545.5  836.61  845.61    -1.7  -22.0  842.98  847.23   -1.5  -24.6  842.96  848.43 
737404.000000 1595.3    NaN  806.69     NaN 1593.0    NaN  807.88     NaN    30.6    NaN  806.71     NaN   28.5    NaN  807.86     NaN 
737405.000000 1606.6 1593.8  841.73  853.41 1604.6 1592.5  842.85  853.96    40.7   28.5  842.08  853.57   40.4   26.8  842.23  854.32 
737406.000000 1562.7    NaN  857.68     NaN 1562.7    NaN  858.01     NaN   -10.0    NaN  861.52     NaN  -11.3    NaN  862.46     NaN 
737407.000000 1545.1 1586.0  832.19  807.54 1541.8 1584.6  833.67  808.13   -21.0   17.2  832.79  809.43  -22.3   14.2  833.51  810.86 
737408.000000 1598.3 1555.4  787.74  814.51 1597.3 1552.4  787.94  815.88    32.1  -11.7  788.38  815.63   31.6  -14.6  788.32  816.90 
737409.000000 1601.0 1592.2  819.16  826.21 1599.4 1590.0  819.89  827.14    31.7   27.7  821.24  825.84   29.3   25.5  822.33  826.77 
737410.000000 1542.6 1588.3  824.72  799.75 1540.9 1588.5  825.55  799.34   -23.8   19.9  825.39  800.96  -24.4   18.7  825.78  801.82 
737414.000000    NaN 1588.2     NaN  822.77    NaN 1585.6     NaN  824.21     NaN   21.6     NaN  823.84    NaN   19.8     NaN  824.44 
737415.000000    NaN 1574.9     NaN  800.27    NaN 1572.7     NaN  801.49     NaN    4.1     NaN  803.46    NaN    1.4     NaN  804.65 
737416.000000 1593.3 1576.2  769.33  776.42 1590.6 1574.0  770.30  777.54    24.4   10.4  771.02  776.97   22.7    8.9  771.70  777.63 
737419.000000 1571.4 1526.6  828.09  854.04 1569.6 1524.9  828.66  855.01     0.0  -35.6  831.20  852.27   -2.2  -38.4  832.08  853.87 
737422.000000 1570.9    NaN  920.74     NaN 1567.8    NaN  922.27     NaN     9.2    NaN  919.47     NaN    7.4    NaN  920.43     NaN 
737427.000000 1587.9 1580.8  814.34  815.12 1585.9 1578.7  815.23  815.98    22.5   13.5  814.64  816.31   20.0   10.3  815.73  817.70 
737431.000000 1565.0    NaN  860.93     NaN 1562.6    NaN  862.07     NaN    -5.5    NaN  863.44     NaN   -8.2    NaN  864.83     NaN 
737435.000000    NaN 1567.6     NaN  869.16    NaN 1566.0     NaN  869.82     NaN    1.6     NaN  869.57    NaN    0.4     NaN  869.98 
737436.000000 1559.7    NaN  869.07     NaN 1558.5    NaN  869.60     NaN    -9.8    NaN  871.31     NaN  -10.7    NaN  871.84     NaN 
737438.000000    NaN 1558.1     NaN  901.85    NaN 1554.6     NaN  903.33     NaN  -12.5     NaN  904.28    NaN  -15.2     NaN  905.52 
737439.000000 1578.0    NaN  885.87     NaN 1575.4    NaN  887.07     NaN     6.5    NaN  889.13     NaN    3.1    NaN  890.60     NaN 
737440.000000 1584.5    NaN  828.64     NaN 1581.7    NaN  829.84     NaN    20.6    NaN  828.18     NaN   17.8    NaN  829.15     NaN 
737444.000000 1575.6 1578.8  815.39  808.01 1572.0 1576.0  817.29  809.23     4.8   13.5  818.56  808.09    3.4   11.6  819.29  808.86 
737450.000000 1550.8 1579.3  833.41  811.39 1549.5 1576.9  833.92  812.52   -13.2   11.0  832.97  813.23  -14.3    8.3  833.37  814.37 
737452.000000 1547.5 1570.3  877.30  854.53 1545.6 1567.2  878.11  855.99   -22.2   -1.3  879.73  857.84  -23.6   -5.3  880.33  859.51 
737455.000000 1594.5    NaN  873.66     NaN 1591.9    NaN  874.70     NaN    27.3    NaN  875.09     NaN   26.3    NaN  875.22     NaN 
737456.000000 1561.1    NaN  842.39     NaN 1560.2    NaN  842.80     NaN    -2.9    NaN  841.83     NaN   -6.0    NaN  843.19     NaN 
737458.000000 1567.5    NaN  928.74     NaN 1566.7    NaN  928.72     NaN     8.2    NaN  925.79     NaN    7.1    NaN  926.27     NaN 
737459.000000 1537.0    NaN  938.02     NaN 1535.7    NaN  938.62     NaN   -26.9    NaN  937.29     NaN  -27.4    NaN  937.52     NaN 
737460.000000 1560.5    NaN  823.13     NaN 1558.6    NaN  823.62     NaN    -8.7    NaN  825.32     NaN  -10.7    NaN  826.09     NaN 
737461.000000 1567.0    NaN  827.18     NaN 1562.6    NaN  829.54     NaN    -3.9    NaN  830.38     NaN   -5.9    NaN  831.25     NaN 
737462.000000 1550.5    NaN  835.74     NaN 1547.3    NaN  837.22     NaN   -15.1    NaN  835.85     NaN  -18.0    NaN  837.39     NaN 
737464.000000    NaN 1545.3     NaN 1037.51    NaN 1542.6     NaN 1038.89     NaN  -21.4     NaN 1038.09    NaN  -23.6     NaN 1039.37 
737465.000000 1568.8    NaN  940.12     NaN 1567.2    NaN  940.97     NaN    -4.4    NaN  944.69     NaN   -7.0    NaN  946.01     NaN 
737466.000000    NaN 1572.3     NaN  897.71    NaN 1569.3     NaN  899.02     NaN    5.8     NaN  898.57    NaN    2.7     NaN  899.94 
737469.000000    NaN 1551.9     NaN  858.74    NaN 1549.0     NaN  860.22     NaN  -16.8     NaN  860.90    NaN  -18.9     NaN  862.01 
737475.000000 1584.4    NaN  920.62     NaN 1581.6    NaN  921.93     NaN    24.1    NaN  917.83     NaN   21.1    NaN  919.27     NaN 
737476.000000 1564.3 1585.9  971.11  954.33 1562.6 1585.0  971.92  954.61    -1.2   20.5  971.74  954.37   -3.6   17.2  972.79  955.83 
737478.000000 1570.9    NaN  818.48     NaN 1570.4    NaN  818.53     NaN     6.9    NaN  817.91     NaN    5.4    NaN  818.67     NaN 
737480.000000 1555.4 1586.4  888.51  860.45 1552.1 1583.8  890.16  861.75    -9.6   20.6  888.58  860.95  -14.1   18.5  890.79  861.76 
737481.000000 1564.4    NaN  853.42     NaN 1561.3    NaN  855.00     NaN    -3.9    NaN  855.38     NaN   -5.7    NaN  856.31     NaN 
737485.000000    NaN 1546.5     NaN  841.56    NaN 1544.9     NaN  841.95     NaN  -18.8     NaN  841.93    NaN  -20.4     NaN  842.14 
737488.000000 1535.7    NaN  854.06     NaN 1534.5    NaN  854.68     NaN   -27.3    NaN  853.06     NaN  -31.8    NaN  855.25     NaN 
737489.000000 1549.0    NaN  836.99     NaN 1546.7    NaN  837.92     NaN   -15.2    NaN  836.55     NaN  -19.8    NaN  838.72     NaN 
737491.000000    NaN 1582.0     NaN  894.59    NaN 1581.3     NaN  894.88     NaN   14.5     NaN  896.16    NaN   12.7     NaN  896.95 
737492.000000    NaN 1582.5     NaN  860.44    NaN 1579.4     NaN  861.69     NaN   13.7     NaN  862.35    NaN   11.9     NaN  863.36 
737493.000000 1585.3 1555.0  850.38  855.60 1583.0 1553.0  851.48  856.36    19.5  -11.5  850.90  856.45   16.4  -12.9  852.13  856.97 
737494.000000 1567.6 1548.8  840.34  856.88 1564.6 1546.6  841.66  857.75     2.2  -19.9  840.42  858.77   -0.5  -21.8  841.65  859.66 
737495.000000 1551.3 1561.0  859.37  860.93 1549.0 1558.6  860.18  861.82   -13.8   -6.9  858.78  862.74  -15.4   -9.8  859.51  864.05 
737496.000000 1554.3 1563.2  872.55  873.38 1552.3 1562.1  873.46  873.76   -12.1   -1.2  873.80  873.04  -15.0   -1.1  874.95  872.95 
737497.000000 1582.0 1552.0  883.26  916.57 1579.7 1550.6  884.29  917.28    15.6  -13.5  883.93  916.76   14.0  -14.9  884.65  917.51 
737500.000000    NaN 1568.0     NaN  931.75    NaN 1565.6     NaN  932.94     NaN   -2.0     NaN  934.34    NaN   -2.9     NaN  934.75 
737534.000000 1562.8 1545.9 1014.38 1028.43 1559.8 1542.8 1015.80 1030.14    -5.0  -22.3 1015.60 1030.47   -6.7  -26.2 1016.60 1032.22 
737535.000000    NaN 1531.7     NaN 1020.91    NaN 1529.1     NaN 1021.73     NaN  -23.0     NaN 1020.74    NaN  -24.8     NaN 1021.46 
737542.000000    NaN 1558.3     NaN 1025.21    NaN 1555.6     NaN 1026.48     NaN   -4.1     NaN 1028.90    NaN   -6.9     NaN 1030.44 
737544.000000 1547.9    NaN 1004.87     NaN 1545.7    NaN 1005.95     NaN    -6.6    NaN 1004.25     NaN   -9.4    NaN 1005.81     NaN 
737545.000000    NaN 1559.8     NaN 1030.87    NaN 1557.2     NaN 1032.02     NaN    2.5     NaN 1032.09    NaN    2.1     NaN 1032.21 
737546.000000    NaN 1547.2     NaN 1101.16    NaN 1544.4     NaN 1102.77     NaN  -12.0     NaN 1103.12    NaN  -13.9     NaN 1104.25 
737547.000000 1538.4 1549.8 1089.22 1085.33 1534.9 1548.1 1090.89 1086.30   -13.9   -7.7 1087.36 1086.05  -15.7  -10.9 1087.95 1087.88 
737550.000000 1547.2 1534.1 1033.03 1068.59 1545.7 1532.4 1033.91 1069.39    -3.0  -19.0 1030.86 1067.46   -6.1  -22.4 1032.41 1068.84 
737552.000000 1562.5 1559.8 1061.85 1078.06 1559.0 1556.5 1063.47 1079.64     4.9    5.8 1063.39 1077.68    1.1    3.3 1065.30 1078.83 
737554.000000 1548.0 1543.9 1017.07 1033.56 1546.6 1542.2 1017.55 1034.40    -9.1  -13.4 1018.27 1034.75  -13.6  -14.9 1020.47 1035.21 
737555.000000    NaN 1542.0     NaN 1048.21    NaN 1539.9     NaN 1049.17     NaN  -12.5     NaN 1047.87    NaN  -14.7     NaN 1049.00 
737559.000000 1572.0    NaN  999.52     NaN 1569.5    NaN 1000.66     NaN    16.1    NaN 1000.22     NaN   14.6    NaN 1001.11     NaN 
737562.000000 1540.2 1532.0 1110.00 1115.38 1537.0 1532.1 1111.50 1115.12   -14.3  -22.3 1109.57 1114.75  -16.9  -24.5 1111.03 1116.23 
737564.000000    NaN 1559.4     NaN 1011.35    NaN 1557.1     NaN 1012.51     NaN   -1.6     NaN 1014.53    NaN   -4.0     NaN 1015.63 
737565.000000 1547.7 1557.5  999.65 1002.25 1545.5 1556.6 1000.50 1002.52    -8.0    1.5  999.97 1002.54  -10.6   -0.3 1001.03 1003.34 
737567.000000 1561.2    NaN 1085.11     NaN 1558.6    NaN 1086.42     NaN     3.7    NaN 1086.34     NaN    2.2    NaN 1087.25     NaN 
737568.000000 1548.8 1539.4 1068.34 1083.99 1547.3 1537.4 1068.89 1085.03    -4.0  -14.7 1066.86 1083.74   -6.8  -18.2 1068.39 1085.42 
737569.000000 1531.3 1568.9 1097.32 1052.07 1528.1 1567.1 1098.82 1052.99   -21.8   16.2 1096.31 1050.67  -24.8   13.8 1097.72 1051.76 
737570.000000 1542.2 1546.6 1078.90 1071.80 1537.9 1544.3 1081.25 1073.01    -9.7   -6.2 1077.48 1070.45  -13.8   -9.3 1079.54 1072.02 
737571.000000    NaN 1556.8     NaN 1036.76    NaN 1555.3     NaN 1037.39     NaN    1.0     NaN 1036.88    NaN   -0.3     NaN 1037.64 
737573.000000 1538.2    NaN 1099.75     NaN 1536.1    NaN 1101.00     NaN   -20.5    NaN 1101.75     NaN  -24.3    NaN 1103.72     NaN 
737574.000000 1567.6 1555.4 1038.17 1071.71 1565.8 1553.6 1039.24 1072.61     6.5    3.4 1041.52 1070.20    4.3    1.8 1042.72 1071.13 
737575.000000    NaN 1552.5     NaN 1071.75    NaN 1548.9     NaN 1073.68     NaN   -1.4     NaN 1071.17    NaN   -3.6     NaN 1072.19 
737576.000000    NaN 1563.3     NaN 1089.72    NaN 1561.9     NaN 1090.16     NaN    6.4     NaN 1090.87    NaN    5.3     NaN 1091.36 
737577.000000    NaN 1567.9     NaN 1103.52    NaN 1565.1     NaN 1105.08     NaN    8.6     NaN 1105.84    NaN    7.9     NaN 1106.10 
737581.000000 1571.5    NaN 1030.13     NaN 1567.8    NaN 1031.92     NaN    16.7    NaN 1029.78     NaN   14.3    NaN 1030.91     NaN 
737589.000000    NaN 1577.6     NaN 1064.08    NaN 1575.4     NaN 1065.01     NaN   16.8     NaN 1067.50    NaN   15.4     NaN 1068.20 
737590.000000 1554.0    NaN 1021.58     NaN 1551.7    NaN 1022.86     NaN     0.9    NaN 1020.66     NaN   -3.3    NaN 1022.79     NaN 
737591.000000 1565.7 1537.7  968.21  991.10 1562.9 1535.4  969.66  991.91     8.9  -17.2  969.01  990.81    5.3  -19.0  970.83  991.58 
737592.000000 1557.7 1565.8  998.27  982.10 1555.2 1562.2  999.52  983.95    -2.2    5.2 1001.32  985.45   -4.7    4.0 1002.40  986.15 
737593.000000 1563.5 1577.8  971.90  954.59 1560.5 1575.3  973.20  956.00    -0.1   19.7  976.84  956.54   -1.5   20.0  977.21  956.62 
737594.000000 1569.6    NaN  947.00     NaN 1566.7    NaN  948.58     NaN    13.2    NaN  947.96     NaN   10.9    NaN  949.23     NaN 
737595.000000    NaN 1542.5     NaN  976.94    NaN 1540.8     NaN  977.69     NaN  -12.0     NaN  976.20    NaN  -15.1     NaN  977.73 
737596.000000 1578.4    NaN  953.92     NaN 1576.1    NaN  955.29     NaN    23.1    NaN  954.62     NaN   19.8    NaN  956.10     NaN 
737597.000000 1572.0 1540.4  982.57 1008.14 1569.1 1536.8  983.92 1009.84    15.1  -19.9  983.66 1011.06   11.8  -22.5  985.14 1012.16 
737598.000000 1567.9 1571.1  991.32 1011.90 1565.5 1570.3  992.83 1012.00    10.9   16.6  992.64 1011.47    9.7   15.4  993.17 1011.99 
737599.000000 1554.2 1546.6 1013.15 1040.53 1552.3 1546.6 1014.14 1040.52    -1.7  -12.7 1013.41 1043.00   -3.9  -13.6 1014.58 1043.52 
737600.000000 1571.5    NaN 1007.59     NaN 1569.6    NaN 1008.54     NaN    18.3    NaN 1006.38     NaN   16.2    NaN 1007.28     NaN 
737601.000000 1560.3    NaN  979.69     NaN 1559.0    NaN  980.11     NaN     6.7    NaN  978.66     NaN    7.2    NaN  978.30     NaN 
737602.000000    NaN 1564.1     NaN 1005.71    NaN 1561.8     NaN 1006.80     NaN    5.1     NaN 1007.59    NaN    2.6     NaN 1009.02 
737603.000000 1541.2 1573.9 1020.33 1007.19 1540.6 1571.7 1020.00 1008.25   -18.1   16.5 1022.81 1008.63  -22.1   13.1 1024.65 1010.30 
737604.000000 1557.5    NaN 1000.49     NaN 1554.0    NaN 1002.30     NaN    -0.5    NaN 1002.04     NaN   -4.3    NaN 1003.72     NaN 
737605.000000 1552.3 1562.5 1019.37 1002.60 1549.2 1559.7 1020.84 1003.84    -0.2    2.2 1018.33 1005.62   -3.1   -0.9 1019.79 1007.14 
737606.000000 1572.2 1559.8  976.09 1004.90 1570.6 1557.1  977.16 1006.11    15.6    0.2  977.50 1007.36   13.1   -3.6  978.68 1009.26 
