%Year,Diaj,O3,O3_std,N,AOD,AOD_std,Cld,O3,O3_std,N,AOD,AOD_std,Cld,

2016 001 274.9 1.81 230 0.0159 0.00075 1 274.9 2.43 210 0.0194 0.00254 1
2016 002 269.0 1.45 230 0.0185 0.00114 0 267.9 1.61 206 0.0205 0.00285 0
2016 003 269.9 1.35 235 0.0261 0.00696 1 267.8 1.76 211 0.0196 0.00153 1
2016 004 258.5 1.44 241 0.0244 0.00139 1 260.1 1.53 208 0.0239 0.00140 1
2016 005 265.8 2.08 146 0.0117 0.00112 0 NaN NaN NaN NaN NaN 0
2016 006 270.4 2.23 225 0.0091 0.00141 1 269.4 3.34 215 0.0104 0.00268 1
2016 007 259.2 1.38 195 0.0090 0.00104 1 256.5 2.46 125 0.0120 0.00248 1
2016 008 247.1 1.36 236 0.0169 0.00151 1 250.7 2.04 220 0.0284 0.00636 1
2016 009 257.4 2.34 222 0.0170 0.00665 0 263.1 1.48 210 0.0143 0.00769 0
2016 010 254.7 1.90 223 0.0102 0.00066 1 254.3 1.62 219 0.0127 0.00299 1
2016 011 251.0 1.39 233 0.0102 0.00147 1 250.0 1.71 204 0.0109 0.00234 1
2016 012 255.0 1.95 233 0.0157 0.00099 0 258.4 1.48 205 0.0208 0.01414 1
2016 013 262.9 2.03 236 0.0569 0.02507 0 267.2 1.62 207 0.0994 0.04205 0
2016 014 272.8 1.78 225 0.1001 0.00531 0 273.4 1.62 142 0.2691 0.00000 0
2016 015 264.2 2.23   5 NaN NaN 0 263.9 1.59 130 0.0848 0.00880 0
2016 016  NaN NaN NaN 0.1205 0.01801 0 269.9 1.91 165 0.0690 0.00463 0
2016 017  NaN NaN NaN 0.0703 0.01387 0 276.6 1.30 147 0.0916 0.01917 0
2016 019 292.8 2.23 100 0.0325 0.00595 1 294.7 1.53 225 0.0349 0.00279 0
2016 020 287.9 1.59 225 0.0288 0.00391 1 285.7 2.13 223 0.0214 0.00206 1
2016 021 278.0 1.49 241 0.0133 0.00364 0 276.9 1.71 240 0.0165 0.00341 1
2016 022 261.4 1.41 251 0.0108 0.00351 1 262.2 1.63 235 0.0122 0.00508 1
2016 023 261.6 1.63 247 0.0273 0.01882 0 262.7 1.32 212 0.0250 0.00863 0
2016 024 268.0 2.12 235 0.0756 0.00228 0 277.5 2.96 200 0.3204 0.00000 0
2016 025 302.6 2.67 239 0.0174 0.00151 1 309.1 3.41 224 0.0222 0.00369 1
2016 026 299.0 3.50 128 0.0158 0.00336 1 289.3 1.85  80 0.0274 0.00900 1
2016 027 269.9 1.26 154 0.0315 0.00900 1 266.4 1.34 112 0.0226 0.00521 0
2016 028 263.6 1.88  25 NaN NaN 0 264.6 1.96 145 0.0972 0.01496 0
2016 030 259.6 2.07 241 0.0170 0.00113 1 260.2 1.81 205 0.0196 0.00352 1
2016 031 253.0 1.37 240 0.0156 0.00077 1 255.1 1.60 230 0.0182 0.00246 1
2016 032 262.1 1.92 105 NaN NaN 0 259.1 3.36 230 0.0674 0.05605 0
2016 034 258.7 5.29 232 0.0357 0.00806 0 265.7 2.25 231 0.0504 0.00378 0
2016 035 277.4 2.23 237 1.5309 0.00000 0 281.4 1.90  99 NaN NaN 0
2016 036 295.3 2.28 246 0.0529 0.00461 1 295.5 2.11 103 0.0733 0.00713 0
2016 038 272.0 1.50 212 0.0527 0.00240 0 273.8 1.84 175 0.0611 0.00000 0
2016 039 276.5 1.91 159 0.0886 0.00000 0 279.3 2.30 133 0.1336 0.00000 0
2016 040 284.5 2.14 177 0.1330 0.00269 0 276.6 2.58 230 0.1110 0.00742 1
2016 041 279.6 2.10 251 0.6752 0.06172 0 285.2 2.33 221 0.1123 0.02045 0
2016 042 278.1 1.60 248 0.0578 0.00373 1 284.6 3.64 237 0.0492 0.00343 1
2016 043 277.8 1.50 245 0.0208 0.00119 1 274.6 1.67 234 0.0219 0.00157 1
2016 044 277.2 1.33 145 0.0216 0.00872 0 275.9 1.62 165 0.0957 0.04750 0
2016 045 268.0 1.36 244 0.0203 0.01425 0 269.0 1.48 226 0.0195 0.01533 0
2016 046 268.9 1.66 234 0.0070 0.00159 1 270.0 1.72 233 0.0117 0.00376 1
2016 047 274.1 1.83  45 0.0084 0.00158 0 275.1 1.79 177 0.0123 0.00425 1
2016 048 264.7 2.75 226 0.0192 0.00261 1 NaN NaN NaN 0.0207 0.00068 1
2016 058 293.7 1.39   2 0.0134 0.00356 0 292.5 1.64  73 0.0128 0.00484 1
2016 059 312.3 2.07  25 NaN NaN 0 311.3 1.87  15 0.0099 0.00000 0
2016 060 319.7 2.04 231 0.0378 0.00278 1 322.0 1.91 247 0.0370 0.00117 1
2016 061 309.3 2.39 256 0.0204 0.00115 1 308.1 1.98 173 0.0197 0.00241 0
2016 062 297.8 2.22   5 NaN NaN 0 300.6 2.19 178 0.1406 0.01201 0
2016 063 283.7 1.66 218 0.0777 0.01529 0 286.7 2.56 222 0.1170 0.01652 0
2016 064 285.2 1.49 262 0.0444 0.00288 1 284.6 1.37  83 0.0436 0.02133 0
2016 065 291.1 1.58 262 0.0697 0.00453 0 295.3 1.90 214 0.0547 0.00377 0
2016 066 305.3 3.17 248 0.0245 0.00239 0 323.5 8.06 228 0.0268 0.00397 0
2016 067 307.4 2.17 263 0.0217 0.00272 1 305.3 1.76 218 0.0236 0.00520 1
2016 068 319.0 3.22  95 0.0161 0.00095 1 338.2 1.62 105 0.0344 0.01404 0
2016 069 339.7 1.20 107 0.0174 0.00232 1 NaN NaN NaN 0.0158 0.00262 1
2016 070 305.8 2.30 237 0.0121 0.00130 1 305.8 3.09 255 0.0159 0.00114 1
2016 071 285.5 1.59 185 0.0133 0.00053 1 286.9 1.75  45 0.0160 0.00234 1
2016 072 283.1 2.46 228 NaN NaN 0 297.8 7.89 151 0.0463 0.00000 0
2016 073 307.2 7.07 283 0.0254 0.00153 1 290.6 5.35 225 0.0272 0.00206 1
2016 074 282.1 3.54 231 0.0257 0.00647 1 297.2 4.36 249 0.0339 0.00293 1
2016 075 297.2 1.73 222 0.0258 0.00460 1 294.8 1.75 250 0.0380 0.00387 1
2016 076 284.0 1.64 225 0.0517 0.03802 0 283.8 1.57 247 0.1065 0.01012 0
2016 077 286.0 1.49  87 0.0390 0.02183 0 NaN NaN NaN 0.0521 0.01583 0
2016 078 291.9 2.32 294 0.0274 0.00516 0 299.4 2.49 215 0.0286 0.00299 1
2016 079 287.4 1.69 153 0.0220 0.00195 1 287.1 1.64 190 0.0214 0.00260 1
2016 080 284.6 3.13 199 0.0208 0.00119 0 NaN NaN NaN NaN NaN 0
2016 082 327.5 1.94 100 0.0185 0.00121 1 323.9 1.71 102 0.0212 0.00692 0
2016 084  NaN NaN NaN NaN NaN 0 316.7 2.29  64 0.0218 0.00358 0
2016 085 308.6 1.77 106 0.0301 0.01902 0 300.6 2.34 110 0.1032 0.04772 0
2016 086 302.2 2.44 105 0.0353 0.01657 0 299.7 2.03  99 0.0243 0.00125 1
2016 087 315.3 1.63 105 0.0234 0.00294 1 315.0 2.50 100 0.0427 0.00675 1
2016 088 293.9 3.08  95 0.0299 0.00441 1 293.0 1.78  97 0.0355 0.00203 1
2016 089 297.1 3.45 115 0.0284 0.00605 1 300.6 1.54  95 0.0507 0.00846 1
2016 090 318.3 6.57  65 0.0412 0.00134 0 NaN NaN NaN NaN NaN 0
2016 091  NaN NaN NaN NaN NaN 0 302.4 1.71  25 0.0273 0.00147 0
2016 092 295.6 1.90 100 0.0323 0.00111 1 294.5 1.66  95 0.0362 0.00185 1
2016 093 325.9 10.09  70 0.0476 0.01335 0 328.1 1.95  95 0.0342 0.00209 1
2016 094 336.3 2.39  79 0.0391 0.00131 0 336.1 2.03 105 0.0433 0.00448 0
2016 095 334.0 2.01  89 0.0283 0.00378 1 329.7 2.12 100 0.0257 0.00131 1
2016 096 314.5 2.73  55 0.0400 0.00186 0 306.6 1.59 100 0.0474 0.00415 0
2016 097 315.0 2.14  95 0.0331 0.00207 1 324.6 1.94  70 0.0391 0.00371 1
2016 098 307.6 1.87  55 0.0311 0.00088 0 308.5 1.89 100 0.0340 0.00462 0
2016 099 319.9 3.59  99 0.0324 0.00244 1 311.2 1.85  95 0.0298 0.00117 1
2016 100 297.2 1.72 101 0.0244 0.00192 1 299.2 1.51  95 0.0306 0.00314 1
2016 101 298.3 1.54  85 0.0489 0.00852 1 301.6 2.10 105 0.0410 0.00292 1
2016 102 310.2 2.23 103 0.0393 0.00081 1 318.2 1.94 105 0.0424 0.00113 1
2016 103 324.9 2.29  50 0.0342 0.00135 1 316.4 1.91 165 0.0366 0.00121 1
2016 104 308.1 1.73 201 0.0350 0.00494 1 309.6 1.39  50 0.0336 0.00239 0
2016 105 302.2 1.95  95 0.0335 0.00462 1 314.0 2.78  97 0.0743 0.02966 0
2016 106 302.8 1.58  60 0.0354 0.01092 0 308.9 1.76  95 0.0376 0.00333 0
2016 107 300.6 1.38  60 0.0333 0.00599 0 299.0 1.52  60 0.0464 0.01188 0
2016 108 293.9 2.17  75 0.0369 0.00205 0 298.0 1.18  20 0.0451 0.00956 0
2016 109 297.8 2.01  55 0.0406 0.00224 0 303.0 1.83  85 0.0360 0.00422 0
2016 110 306.5 1.43  52 0.0304 0.00133 0 305.4 1.38   5 0.0293 0.00094 0
2016 111 294.9 1.68 100 0.0222 0.00323 1 285.3 1.75  87 0.0264 0.00523 0
2016 112 281.4 1.50  90 0.0395 0.01136 0 NaN NaN NaN NaN NaN 0
2016 113 304.0 1.61  85 0.0379 0.00687 0 302.0 1.52  50 0.0464 0.00528 0
2016 114 291.5 1.53 100 0.0358 0.00667 1 287.1 1.58 100 0.0610 0.01418 0
2016 115 278.6 1.51 105 0.0495 0.01560 0 282.0 3.16  95 0.0504 0.00281 0
2016 116 285.3 1.51  93 0.0478 0.00521 1 291.2 1.58  90 0.0522 0.00422 0
2016 117 295.3 1.53  81 0.0633 0.00482 0 298.0 2.31  90 0.0642 0.00591 0
2016 118 297.0 1.60  90 0.0504 0.01732 0 295.7 1.73  90 0.0596 0.01537 0
2016 119 301.8 2.04  45 NaN NaN 0 310.3 2.89  95 0.0522 0.00254 0
2016 120 307.6 2.37 100 0.0518 0.00956 0 304.8 1.87  90 0.0607 0.00881 0
2016 121 302.3 1.24  60 0.0476 0.00316 0 306.0 1.76  75 0.0511 0.00256 0
2016 122  NaN NaN NaN 0.0470 0.00848 0 318.9 1.56  65 0.0363 0.00242 0
2016 123 308.3 1.98 100 0.0375 0.01237 0 315.3 3.06  76 0.0488 0.01211 0
2016 124 315.4 2.31  65 0.0361 0.00391 0 325.0 1.35   6 NaN NaN 0
2016 125 333.0 2.25  95 0.0423 0.00285 0 332.6 1.86  65 0.0352 0.00432 0
2016 132 310.7 1.65 213 0.0227 0.00203 0 321.9 3.19 101 0.0491 0.00243 0
2016 133 319.8 1.04  52 0.0345 0.00470 0 NaN NaN NaN 0.0437 0.00000 0
2016 134 296.6 1.99  42 0.0575 0.00459 1 296.3 1.71 187 0.0586 0.00430 1
2016 135 298.6 1.49 171 0.0440 0.00745 1 298.6 2.22 167 0.0402 0.00369 1
2016 136 297.8 1.56 181 0.0472 0.00284 1 300.3 1.85 163 0.0508 0.00233 0
2016 137 300.6 1.76 146 0.0401 0.00095 0 311.2 2.11 174 0.0452 0.00268 1
2016 138 309.4 1.67 185 0.0421 0.00465 1 311.3 2.30 175 0.0381 0.00572 1
2016 139 310.3 1.58 186 0.0629 0.00471 1 312.8 1.79 170 0.0738 0.00373 1
2016 140 308.6 1.53 176 0.0530 0.00222 1 315.9 1.81 171 0.0543 0.00227 1
2016 141 316.3 1.93 180 0.0464 0.00386 1 324.9 3.25 152 0.0614 0.00248 1
2016 142 327.1 1.43 180 0.0625 0.00697 1 322.9 2.06 169 0.0503 0.01098 1
2016 143 310.5 1.57 175 0.1141 0.03830 0 311.3 1.63 154 0.1301 0.01834 0
2016 144 310.5 1.53 175 0.0372 0.00102 1 305.8 1.73 154 0.0362 0.00340 1
2016 145 303.4 1.50 184 0.0248 0.00264 1 307.6 1.54 170 0.0402 0.01081 1
2016 146 307.6 1.57 185 0.0785 0.02160 1 305.5 1.60 160 0.0578 0.00772 1
2016 147 291.5 1.69 175 0.0200 0.00154 0 297.7 0.79   9 0.0229 0.00167 0
2016 148 289.7 1.69 189 0.0347 0.00363 0 291.2 1.92 156 NaN NaN 0
2016 150 277.8 1.50 189 0.0216 0.00315 1 277.8 1.88 158 0.0340 0.01918 0
2016 151 281.0 1.44 168 0.0176 0.00093 1 282.7 1.65 180 0.0206 0.00144 1
2016 152 280.2 1.50 187 0.0192 0.00118 1 281.4 1.60 110 0.0215 0.00126 1
2016 153 273.2 1.41 154 0.0213 0.00686 0 284.0 2.06 160 0.0268 0.00480 0
2016 154 283.1 1.72 194 0.0192 0.00041 1 283.8 1.78 175 0.0192 0.00158 1
2016 155 279.7 3.01 189 0.0126 0.00116 1 288.5 1.51 166 0.0169 0.00291 1
2016 156 287.2 1.79 189 0.0166 0.00163 1 288.1 1.70 177 0.0198 0.00313 1
2016 157 284.8 1.59 172 0.0158 0.00435 0 289.2 2.00 148 0.0221 0.01566 0
2016 158 290.1 1.83 192 0.0209 0.00532 1 293.5 1.87 164 0.0339 0.00786 0
2016 159 288.6 1.92 113 0.0198 0.00327 1 285.8 15.48  50 0.0297 0.00503 0
2016 160 287.7 6.74  45 0.0201 0.00424 1 289.6 4.09  55 0.0295 0.00500 1
2016 161 283.3 16.74  55 0.0176 0.00055 1 289.0 15.66  50 0.0177 0.00151 1
2016 162 287.5 7.57  55 0.0216 0.00147 1 287.1 3.33  40 0.0202 0.00159 1
2016 163 297.5 6.58  45 0.0244 0.00814 0 293.7 14.77  55 0.0230 0.00223 1
2016 164 303.5 2.59  40 0.0256 0.00193 1 305.4 2.04  55 0.0290 0.00314 1
2016 165 308.1 2.15 105 0.0289 0.00133 1 307.1 1.58 177 0.0323 0.00265 1
2016 166 302.1 1.56 172 0.0266 0.00367 1 304.3 2.16 168 0.0308 0.00236 1
2016 167 286.2 1.37 137 0.0174 0.00066 1 283.6 1.58 183 0.0199 0.00321 1
2016 168 284.4 1.55 188 0.0139 0.00131 1 288.0 1.94 105 0.0148 0.00220 0
2016 169 291.8 1.76  93 0.0117 0.00104 0 287.4 1.49  62 NaN NaN 0
2016 170 277.4 1.33 177 0.0110 0.00080 1 278.5 1.38 175 0.0138 0.00306 1
2016 171 278.8 1.29 152 0.0269 0.00401 1 279.8 1.67 194 0.0231 0.00322 1
2016 172 281.5 1.57 172 0.0167 0.00155 1 289.1 1.83 190 0.0193 0.00239 1
2016 173 288.7 1.45 173 0.0866 0.00360 1 292.2 1.55 189 0.1077 0.00507 1
2016 174 293.0 1.68 177 0.1180 0.01162 0 293.7 1.57 170 0.2647 0.11040 0
2016 175 287.1 1.64 110 0.5044 0.09579 0 290.7 1.55 160 0.3865 0.02868 0
2016 176 286.3 1.65 150 0.2901 0.01099 0 288.8 1.56 185 0.2980 0.02247 0
2016 177 288.9 1.51 167 0.3961 0.01894 0 292.2 1.59 171 0.4194 0.06010 0
2016 178 291.9 1.65 158 0.2990 0.03626 0 296.1 1.47 155 0.2266 0.02022 0
2016 179 298.9 1.43 167 0.0128 0.00093 1 299.2 1.51 186 0.0161 0.00221 1
2016 180 286.4 1.74 167 0.0136 0.00349 1 289.1 1.54 177 0.0234 0.00131 1
2016 181 290.0 1.35 183 0.0273 0.00890 1 291.0 1.57 185 0.0344 0.01000 1
2016 182 294.5 1.51 187 0.0289 0.00651 1 293.4 1.84 185 0.0529 0.01400 1
2016 183 291.3 1.58 183 0.0156 0.00070 1 294.0 1.80 165 0.0182 0.00221 1
2016 184 290.5 1.96 167 0.0176 0.00048 1 292.8 1.53 195 0.0214 0.00210 1
2016 185 288.3 2.04 172 0.0169 0.00162 1 288.2 1.94 170 0.0189 0.00116 1
2016 186 285.7 1.39 173 0.0170 0.00361 1 290.7 1.42 186 0.0214 0.00252 1
2016 187 287.3 1.36 164 0.0179 0.00424 1 287.1 1.72 185 0.0274 0.00221 1
2016 188 284.1 1.45 169 0.0149 0.00105 1 284.2 1.54 177 0.0160 0.00233 1
2016 189 280.7 1.46 178 0.0155 0.00127 1 282.9 1.71 179 0.0202 0.00140 1
2016 190 286.2 1.35 169 0.0139 0.00067 1 287.3 1.38 197 0.0149 0.00143 1
2016 191 286.6 1.50 173 0.0132 0.00093 1 288.6 1.56 179 0.0191 0.00405 1
2016 192 283.7 1.49 163 0.0205 0.00894 1 284.9 2.15 124 0.0289 0.00913 1
2016 193 286.2 1.45 159 0.0113 0.00044 1 287.0 1.70 189 0.0183 0.00334 1
2016 194 289.8 1.48 204 0.0656 0.03575 1 288.5 1.67 189 0.1423 0.02135 0
2016 195 286.2 1.43 211 0.2790 0.00752 0 286.1 1.40 167 0.2792 0.01049 0
2016 196 289.4 2.00  80 0.1645 0.04635 0 293.1 1.65  96 0.1026 0.01925 1
2016 197 289.1 1.42 100 0.1436 0.00596 0 287.3 1.69 108 0.1780 0.01287 0
2016 198 285.3 1.57 111 0.1342 0.00678 0 286.0 1.72 118 0.1422 0.01435 0
2016 199 289.5 1.65 122 0.0209 0.00279 1 292.9 1.70 114 0.0212 0.00442 1
2016 200 289.6 1.55 125 0.0555 0.01547 1 291.1 1.46  98 0.0641 0.00478 1
2016 201 279.4 1.44 100 0.3074 0.07265 0 280.7 1.67 104 0.6440 0.09317 0
2016 202 284.6 1.64  50 0.4187 0.02551 0 286.2 1.85 103 0.4501 0.07278 0
2016 203 284.0 1.61 114 0.3896 0.04057 0 284.6 1.60  97 0.3497 0.03016 0
2016 204 283.1 1.68 105 0.3726 0.01524 0 285.5 1.47 107 0.3086 0.02160 0
2016 205 282.3 1.61 115 0.1649 0.02150 0 286.7 1.61  96 0.1127 0.01981 1
2016 206 280.2 1.55 120 0.1309 0.02640 0 283.7 1.72 105 0.2099 0.01201 0
2016 207 290.3 1.40 115 0.3747 0.04804 0 291.7 1.71  90 0.5199 0.07583 0
2016 208 289.0 1.46  95 0.5365 0.02711 0 290.3 2.02  95 0.3829 0.03297 0
2016 209 287.7 1.06  35 0.2114 0.00488 0 290.0 1.60 119 0.1655 0.04089 0
2016 210 292.9 1.25 202 0.0916 0.02077 1 294.3 1.52 173 0.1475 0.01365 0
2016 211 290.4 1.64 207 0.0739 0.01856 1 289.3 1.62  45 0.1170 0.00867 1
2016 212 282.6 1.55 182 0.2680 0.00903 0 281.3 1.59 106 0.3247 0.02756 0
2016 213 277.5 1.98  65 0.3237 0.02910 0 279.3 1.65 156 0.2198 0.02302 0
2016 214 277.4 1.56 198 0.1637 0.02826 0 282.7 1.54 173 0.0648 0.00957 0
2016 215 284.6 1.34 197 0.0239 0.00180 1 286.5 1.48 179 0.0347 0.00387 1
2016 216 282.3 1.44 202 0.0607 0.01389 1 285.8 1.48 173 0.1456 0.02848 0
2016 217 284.6 1.72 202 0.2064 0.01892 0 285.2 1.65 167 0.2397 0.02793 0
2016 218 283.3 1.68  93 0.2208 0.01405 0 284.7 1.64 141 0.2708 0.01821 0
2016 219 284.3 1.35 184 0.2435 0.01114 0 284.0 1.90 150 0.2524 0.00944 0
2016 220 289.6 1.49 202 0.0255 0.00695 1 290.3 1.78 177 0.0189 0.00125 1
2016 221 298.8 1.48 197 0.0205 0.00168 1 300.0 1.76 168 0.0211 0.00096 1
2016 222 289.7 2.24  74 0.2012 0.00309 0 296.8 1.94 130 0.2154 0.01740 0
2016 223 288.4 1.35 192 0.2043 0.01730 0 285.8 1.66 155 0.1948 0.00558 0
2016 224 282.4 1.40 185 0.2111 0.01296 0 283.8 2.10 105 0.2792 0.00723 0
2016 225 281.4 1.36 189 0.0997 0.00354 1 283.3 1.65 164 0.0616 0.01439 1
2016 226 282.1 1.66 199 0.0505 0.01904 1 285.3 1.75 177 0.0268 0.00378 1
2016 227 285.5 1.41 205 NaN NaN 1 287.1 1.74 169 0.0223 0.00088 1
2016 228 288.8 1.58 200 0.0904 0.03116 0 289.0 1.47 165 0.0535 0.00702 1
2016 229 286.6 1.45 160 0.0405 0.00919 1 286.8 1.50 169 0.0590 0.00490 1
2016 230 282.3 1.44 180 0.1278 0.01374 0 283.0 1.66 162 0.1596 0.00988 0
2016 231 288.4 1.65 196 0.2299 0.01635 0 287.0 1.69 171 0.1165 0.04831 0
2016 232 289.3 1.37 186 0.0260 0.00566 1 292.2 1.58 152 0.0316 0.00673 1
2016 233 286.8 1.74 184 0.0179 0.00158 1 293.5 1.49 160 0.0272 0.00690 1
2016 234 282.1 1.65 136 0.1793 0.00223 0 NaN NaN NaN NaN NaN 0
2016 235 283.6 1.28 185 0.0937 0.03112 0 283.9 1.72  75 0.1198 0.01601 0
2016 236 281.5 1.16  81 0.0553 0.00400 1 284.0 1.72 136 0.0748 0.00470 1
2016 237 279.5 1.43 203 0.0536 0.01856 1 282.6 1.77 168 0.0771 0.01680 1
2016 238 291.1 2.04 205 0.0193 0.00645 1 288.9 1.45 158 0.0352 0.00643 1
2016 239 285.8 1.52 201 0.0162 0.00148 1 286.7 1.93 158 0.0394 0.03142 1
2016 240 281.7 1.63 177 0.2887 0.02663 0 279.1 2.01  75 0.2579 0.01056 0
2016 241 275.6 2.03 178 0.1432 0.01532 0 274.6 1.53 128 0.0955 0.00499 0
2016 242 272.6 1.48 178 0.3598 0.01869 0 273.2 1.41 112 0.2252 0.03837 0
2016 243 274.7 1.48 192 0.2519 0.01649 0 276.3 1.57 133 0.2567 0.01085 0
2016 244 279.7 1.99 202 0.0362 0.00613 1 287.0 1.65 157 0.0436 0.00830 1
2016 245 293.0 1.43 195 0.0237 0.00117 1 295.2 1.54 158 0.0256 0.00376 1
2016 246 299.2 1.40 186 0.0282 0.00448 1 298.8 2.25 171 0.0395 0.00231 1
2016 247 288.2 2.24 186 0.0878 0.00000 0 286.2 1.61 167 NaN NaN 1
2016 249 284.5 1.00  23 NaN NaN 1 282.4 1.55  17 0.0415 0.00000 1
2016 250 280.4 1.61 204 0.0448 0.00661 1 282.2 2.10 165 0.0453 0.02286 1
2016 251 287.8 1.42 218 0.0129 0.00187 1 286.5 1.48 200 0.0229 0.00622 1
2016 252 282.3 1.85 197 0.0325 0.00783 1 274.8 1.48 201 0.0418 0.00556 1
2016 253 272.5 1.43 222 0.0264 0.01229 1 272.2 1.56 195 0.0409 0.00259 1
2016 254 274.1 1.73 202 0.0214 0.00250 1 275.7 1.76 205 0.0254 0.00189 1
2016 255 277.8 1.51 200 0.0175 0.00342 1 283.1 1.96 185 0.0273 0.00885 1
2016 256 288.5 1.94 198 0.0864 0.01509 0 290.8 3.43 125 0.1213 0.00653 0
2016 257 284.1 1.71 208 0.0876 0.01467 1 285.4 1.43 202 0.1136 0.01340 0
2016 258 285.0 1.62 172 0.0131 0.00249 1 285.8 1.67 206 0.0137 0.00461 1
2016 259 282.9 1.51 222 0.0129 0.00096 1 281.2 1.57 180 0.0137 0.00301 1
2016 260 283.1 1.91 195 0.0128 0.00181 1 282.4 1.47 198 0.0136 0.00350 1
2016 261 281.7 1.78 100 0.0209 0.00273 1 279.4 1.56 195 0.0328 0.01094 0
2016 262 278.9 1.58 193 0.0372 0.02440 0 275.9 1.50  77 0.0899 0.01072 0
2016 263 272.1 1.64 149 0.0408 0.00592 0 272.2 1.71 225 0.0407 0.01083 1
2016 264 269.4 1.52 180 0.0221 0.00569 1 272.1 1.75 220 0.0225 0.00153 1
2016 265 277.7 1.92 227 0.0226 0.00701 1 276.2 1.45 205 0.0212 0.00274 1
2016 266 277.0 1.59 238 0.0198 0.00150 1 279.1 1.89 226 0.0190 0.00107 1
2016 267 278.8 1.36 247 0.0129 0.00073 1 281.4 1.54 170 0.0168 0.00177 1
2016 268 277.6 1.68  80 0.0123 0.00062 1 277.7 1.51 175 0.0138 0.00250 1
2016 269 276.3 1.58 245 0.0114 0.00095 1 278.3 1.90 234 0.0142 0.00157 1
2016 270 273.3 1.80 123 0.0102 0.00248 0 269.8 1.37 129 0.0116 0.00299 1
2016 271 264.0 1.51  89 0.0148 0.00319 1 266.6 1.63 123 0.0175 0.00125 1
2016 272 280.5 3.21 110 0.0178 0.00199 1 287.2 1.71 115 0.0209 0.00156 1
2016 273 288.0 1.61 130 0.0298 0.02235 0 286.8 1.77 125 0.0742 0.02742 1
2016 275 280.0 1.81 120 0.0117 0.00371 1 278.8 1.45 130 0.0196 0.00219 1
2016 276 277.2 1.41 110 0.0142 0.00652 0 276.7 1.60 114 0.0156 0.00394 0
2016 277 277.0 2.05 120 0.0181 0.00807 0 282.0 1.31  40 0.0190 0.00742 0
2016 278 276.6 1.76  25 0.0146 0.00526 0 273.9 1.64 105 0.0273 0.00569 0
2016 279 269.9 1.55  95 0.0103 0.00177 1 270.5 1.79 120 0.0131 0.00277 0
2016 280 275.3 2.26 115 0.0134 0.00297 1 269.0 2.39 125 0.0108 0.00170 1
2016 281 269.8 2.06 125 0.0093 0.00257 1 266.7 1.70 105 0.0207 0.00273 1
2016 282 271.2 1.84 135 0.0148 0.00543 1 275.1 1.81 115 0.0275 0.00349 0
2016 283 277.5 1.81  55 0.0181 0.00345 1 273.5 1.87 120 0.0202 0.00189 1
2016 284 268.4 1.63 105 0.0141 0.00230 1 264.0 1.63 125 0.0170 0.00198 1
2016 285 259.9 1.72 120 0.0105 0.00079 1 261.2 1.52 222 0.0124 0.00134 1
2016 286 271.0 1.70 114 0.0086 0.00165 1 270.6 1.45 217 0.0092 0.00306 1
2016 287 273.2 2.43 255 0.0068 0.00141 1 271.6 1.93 189 0.0094 0.00285 1
2016 288 277.3 1.75 250 0.0183 0.00816 0 282.0 2.22 202 0.0309 0.00470 0
2016 289 276.8 1.49 220 0.0177 0.00563 0 274.8 1.84 200 0.0369 0.00425 0
2016 291 277.5 2.30 165 0.1060 0.01548 0 273.8 1.69 205 0.0855 0.01946 0
2016 292 274.2 1.20  55 0.0707 0.00900 0 NaN NaN NaN NaN NaN 0
2016 293 260.8 1.73 202 0.0297 0.00274 0 259.9 1.44 103 0.0560 0.01470 0
2016 294 258.0 1.62 189 0.0322 0.00608 0 259.0 1.53  80 0.0692 0.00374 0
2016 295 262.1 1.47 153 0.0164 0.00449 0 270.3 1.74  15 NaN NaN 0
2016 296 272.1 1.57 159 0.1224 0.00338 0 NaN NaN NaN NaN NaN 0
2016 297 273.1 1.47 120 0.0556 0.01398 0 279.3 1.90  60 NaN NaN 0
2016 299 308.0 1.58 133 0.0233 0.00287 0 301.6 4.95  40 NaN NaN 0
2016 300 297.6 1.32  32 0.0167 0.00386 0 NaN NaN NaN NaN NaN 0
2016 301 274.1 2.13 105 0.0067 0.00153 0 267.2 1.32  85 0.0095 0.00165 0
2016 302 255.3 1.98 202 0.0078 0.00110 0 253.0 1.56 198 0.0103 0.00249 0
2016 303 247.1 1.12   5 NaN NaN 0 245.0 1.45  75 0.0230 0.00382 0
2016 304 249.3 2.47   5 0.0154 0.00474 0 249.0 1.25 105 0.0220 0.00093 0
2016 305 257.4 1.42  97 0.0136 0.00412 0 262.1 2.35 153 NaN NaN 0
2016 306 276.8 1.38 224 0.0163 0.00267 0 280.3 1.84 156 NaN NaN 0
2016 307 287.2 1.64 243 0.0195 0.00294 0 289.8 1.38 207 0.0346 0.01611 0
2016 308 287.6 1.68  91 0.0342 0.00000 0 288.3 1.31   5 NaN NaN 0
2016 309 301.1 1.23  60 0.0129 0.00112 0 NaN NaN NaN NaN NaN 0
2016 310 310.3 1.51  45 0.0304 0.00658 0 NaN NaN NaN NaN NaN 0
2016 311 291.1 1.37 139 0.0112 0.00046 0 286.1 1.90   5 NaN NaN 0
2016 312 280.2 1.38  80 0.0141 0.00648 0 279.9 1.52  30 NaN NaN 0
2016 313 274.9 1.52 168 0.0125 0.01233 0 274.9 1.50  93 0.0212 0.01359 0
2016 314 276.8 1.32 148 0.0117 0.00102 1 277.9 1.57 173 0.0133 0.00280 1
2016 316 262.3 2.44 213 0.0121 0.00186 0 258.1 1.20  40 0.0122 0.00051 0
2016 317 253.5 2.19  43 0.0111 0.00160 0 254.2 1.39 181 0.0120 0.00194 0
2016 318 269.7 3.44 227 0.0171 0.00314 0 271.8 1.89 120 0.0275 0.00482 0
2016 320 284.2 1.86 194 0.0199 0.00162 0 279.3 1.84 164 0.0270 0.00344 0
2016 321 276.0 2.00 100 0.0233 0.00297 1 275.7 2.53 196 0.0230 0.00535 1
2016 322 264.6 1.35 170 0.0293 0.00623 1 262.7 1.42 106 0.0419 0.00373 0
2016 323 265.2 1.38 227 0.0715 0.01283 0 266.6 1.86 207 0.1029 0.00676 0
2016 324 277.7 4.01 217 0.1226 0.00653 0 278.1 1.96  98 0.1370 0.00929 0
2016 325 278.2 1.87 225 0.0522 0.01172 1 277.5 1.58 190 0.0408 0.00505 0
2016 326 279.8 1.84  25 NaN NaN 0 280.2 2.66 105 0.0186 0.00045 0
2016 329 286.1 2.40 200 0.0180 0.00513 0 285.0 2.01 160 0.0155 0.00145 0
2016 330 286.5 2.28 198 0.0104 0.00077 1 NaN NaN NaN 0.0087 0.00000 0
2016 331  NaN NaN NaN NaN NaN 0 282.4 1.66  55 0.0129 0.00054 0
2016 332 268.0 1.98  30 0.0088 0.00033 0 267.6 2.10 180 NaN NaN 0
2016 333 267.4 1.53 140 0.0109 0.00114 0 265.8 1.51  75 0.0166 0.00098 0
2016 334 263.0 1.43 115 0.2790 0.00000 0 265.2 1.95  80 NaN NaN 0
2016 335 271.1 1.65 187 0.0148 0.00086 0 264.9 1.60  70 0.0183 0.00317 0
2016 340  NaN NaN NaN 0.0235 0.00194 1 265.3 1.41  25 0.0274 0.00445 1
2016 341 256.2 1.98  63 0.0171 0.00124 1 254.3 1.32 147 0.0197 0.00131 1
2016 342 255.4 0.97  20 0.0579 0.01147 0 NaN NaN NaN 0.0574 0.02490 0
2016 344 258.0 1.54 100 0.0330 0.00360 0 258.9 1.90 100 0.0289 0.00454 0
2016 345 273.4 1.83 155 0.0174 0.00149 0 272.7 1.70 195 0.0177 0.00308 1
2016 346 279.6 1.67 220 0.0160 0.00266 0 276.8 1.68  45 NaN NaN 0
2016 347 263.3 1.15  55 0.0159 0.00156 0 257.8 1.61  30 0.0171 0.00129 0
2016 348 247.2 2.41  70 0.0174 0.00666 0 253.4 1.71  45 0.0429 0.01368 0
2016 349 264.9 1.84 210 0.0123 0.00062 1 268.2 1.91 195 0.0138 0.00237 1
2016 350 261.6 1.57 230 0.0089 0.00030 1 256.0 2.37 196 0.0099 0.00262 1
2016 351 251.6 1.74 210 0.0095 0.00085 1 254.6 1.75 155 0.0087 0.00167 0
2016 361 255.3 1.54 199 NaN NaN 0 255.9 1.53 158 0.1473 0.00682 0
2016 362 254.7 1.52 240 0.1360 0.00668 0 256.7 1.57 194 0.1011 0.01546 0
2016 363  NaN NaN NaN NaN NaN 0 249.2 0.91  33 0.1146 0.01356 0
2016 364 253.9 1.38 229 0.1043 0.01214 0 250.5 2.73 196 0.0854 0.00971 1
2016 365 252.6 2.01 230 NaN NaN 0 252.6 1.81 205 0.1489 0.12776 0
2017 001 254.4 1.99 235 0.0441 0.00728 1 256.7 1.42 211 0.0395 0.00693 1
2017 002 257.3 1.60 226 0.0149 0.00291 0 262.6 1.97 206 0.0198 0.00250 0
2017 003 266.7 1.35 221 0.0425 0.01283 0 265.9 2.27 218 0.0297 0.01158 0
2017 004 262.9 1.65 236 0.0159 0.00549 1 262.8 2.21 218 0.0489 0.00726 0
2017 005 268.7 3.97  25 NaN NaN 0 282.1 2.72  50 0.0814 0.00000 0
2017 006 284.3 1.77  70 0.0255 0.00529 0 283.2 1.86 220 0.0650 0.03914 1
2017 007 283.6 1.73 220 0.0715 0.00373 0 282.3 2.09 220 0.0634 0.00350 0
2017 008 282.7 3.71 218 0.0965 0.00819 0 276.1 3.08 200 0.0839 0.01042 0
2017 009 265.0 1.79 209 0.0547 0.01260 0 261.9 2.65 218 0.0879 0.01062 0
2017 010 252.1 2.05 234 0.0142 0.00215 0 250.3 1.92 214 0.0143 0.00173 0
2017 011 258.5 1.62 234 0.0377 0.00776 0 259.2 1.87  44 0.0467 0.02073 0
2017 012 265.5 1.40 233 NaN NaN 0 267.6 2.75 188 0.1187 0.01683 0
2017 013 259.8 2.12 188 0.0145 0.00590 0 259.4 1.88 135 0.0158 0.00000 0
2017 014 270.9 1.59 242 0.0080 0.00193 1 272.8 1.40 212 0.0096 0.00597 1
2017 015 280.9 1.76 234 0.0144 0.00565 0 275.5 2.94 210 0.0112 0.00548 0
2017 016 267.9 1.45 217 0.0105 0.00846 0 268.9 1.45 206 0.0076 0.00250 0
2017 017 282.0 1.54  85 0.0110 0.00267 0 283.7 1.89 215 0.0145 0.00484 0
2017 018 306.9 2.33 224 0.0142 0.00119 0 302.3 3.23 190 0.0146 0.00260 0
2017 019 282.1 1.99 235 0.0131 0.00105 1 283.6 1.47 210 0.0194 0.00541 1
2017 020 283.4 2.07 174 0.0313 0.00663 0 289.4 2.31   5 NaN NaN 0
2017 021 284.4 3.07  70 0.0139 0.00280 0 289.0 1.67  10 0.0072 0.00032 0
2017 022 293.6 1.88 220 0.0037 0.00050 0 291.5 2.08 205 0.0084 0.00384 1
2017 023 284.9 1.72 130 0.0081 0.00086 0 286.3 1.60 165 0.0095 0.00234 0
2017 024 288.0 1.61 246 0.0137 0.00064 0 289.9 2.11 190 0.0131 0.00157 0
2017 025 284.5 1.86 251 0.0144 0.00337 0 291.3 1.62 170 0.0246 0.01582 0
2017 026 281.4 2.50  40 0.0113 0.00000 0 281.3 2.92  45 0.0450 0.03641 0
2017 027 276.5 1.21 107 0.0109 0.00093 1 268.7 1.50 119 0.0138 0.00162 1
2017 028 282.9 2.05 242 0.0117 0.00082 1 276.1 1.84 205 0.0143 0.00114 1
2017 029 274.3 1.64 243 0.0105 0.00089 1 272.5 2.52 191 0.0126 0.00173 1
2017 030 280.1 2.97 247 0.0149 0.00217 1 273.9 3.05 194 0.0114 0.00270 1
2017 031 290.3 2.01  15 0.0032 0.00084 0 285.6 3.90 130 0.0161 0.00807 0
2017 032  NaN NaN NaN NaN NaN 0 263.1 2.25 106 0.0124 0.00237 0
2017 033 259.0 1.48  80 0.0129 0.00143 0 258.2 1.41 197 0.0132 0.00266 0
2017 034 259.0 1.50 205 0.0109 0.00074 0 259.2 1.53 209 0.0138 0.00268 0
2017 035 264.2 1.48 248 0.0104 0.00126 1 262.4 1.92 215 0.0172 0.00267 1
2017 036 259.7 1.50 240 0.0135 0.00191 1 259.6 1.94 211 0.0127 0.00334 1
2017 037 263.4 1.81 251 0.0088 0.00097 1 265.4 1.64 212 0.0124 0.00433 1
2017 038 267.1 1.45 180 0.0151 0.00174 1 267.4 1.48 209 0.0175 0.00309 1
2017 039 274.8 2.10 225 0.0181 0.00163 1 280.4 1.34  51 0.0175 0.00292 1
2017 040 275.0 2.29 250 0.0079 0.00411 0 279.0 1.67  40 0.0046 0.00097 0
2017 044  NaN NaN NaN NaN NaN 0 296.4 1.85  73 0.0184 0.00195 0
2017 045 323.5 7.95 236 0.0204 0.00472 0 341.0 6.48 149 0.0349 0.01628 0
2017 046 293.3 3.04  30 0.0096 0.00000 0 279.0 1.94  10 NaN NaN 0
2017 047 271.5 2.32 254 0.0035 0.00109 0 271.1 1.79 199 0.0063 0.00357 1
2017 048 278.4 2.46 260 0.0634 0.01361 1 282.9 1.83 223 0.0631 0.02070 1
2017 049 306.4 4.70 101 0.0092 0.00337 1 304.9 4.82 206 0.0087 0.00332 1
2017 050 264.4 2.85 248 0.0081 0.00133 1 260.6 1.60 215 0.0178 0.00855 1
2017 051 275.7 2.52  25 0.0150 0.00325 0 280.9 2.14  95 NaN NaN 0
2017 053 302.0 1.80 218 0.0394 0.00237 1 301.3 3.78  57 0.0449 0.00548 0
2017 054 337.8 6.02 184 0.0577 0.00750 0 327.4 2.35 151 0.0601 0.00820 0
2017 055 319.8 2.41 180 0.1392 0.02380 0 322.6 2.49 180 0.1575 0.02566 0
2017 056 335.5 1.53 238 0.0624 0.03867 0 327.0 3.65 244 0.0195 0.00432 0
2017 057 313.2 2.41 248 0.0117 0.00163 1 309.3 2.16 221 0.0126 0.00175 1
2017 058 298.4 2.69 244 0.0093 0.00330 0 303.1 1.72 231 0.0107 0.00348 1
2017 059 311.2 2.25 253 0.0143 0.00227 0 313.7 1.70 228 0.0168 0.00147 0
2017 060 284.9 3.23 191 0.1087 0.08457 0 277.7 2.87 216 0.1512 0.02199 0
2017 061 271.1 1.67 110 0.0645 0.02092 0 272.8 1.39 106 0.0607 0.00903 0
2017 062 283.2 2.41 236 0.0121 0.00317 0 284.4 2.82 220 0.0141 0.00407 1
2017 063 301.0 2.74 249 0.0127 0.00286 1 306.5 2.04 212 0.0262 0.00640 1
2017 064 304.6 1.55 262 0.0138 0.00363 0 302.4 1.70 210 0.0105 0.00000 0
2017 065 308.8 5.05 185 0.0455 0.00971 0 301.6 2.02 130 0.0578 0.00000 0
2017 066 277.3 2.34 159 0.0413 0.01161 0 282.3 2.10 213 0.0576 0.01559 1
2017 067 268.6 1.51 223 0.1482 0.00586 0 269.1 1.80 213 0.1008 0.01827 0
2017 068 264.5 1.51 226 0.0955 0.01235 1 263.8 1.60 200 0.0670 0.00518 1
2017 069 262.6 1.62 231 0.1107 0.01088 0 266.9 2.67 210 0.1124 0.01129 0
2017 070 270.1 1.45 257 0.0473 0.00399 0 270.8 1.53 220 0.0347 0.00548 1
2017 071 275.3 1.42 266 0.0250 0.00305 1 276.7 1.63 211 0.0302 0.00862 1
2017 072 280.0 2.17 267 0.0163 0.00229 0 285.8 1.74 225 0.0202 0.00418 1
2017 073 297.1 2.86 272 0.0204 0.00151 1 295.6 1.61 216 0.0211 0.00303 1
2017 074 291.5 1.74 208 0.0171 0.00157 0 290.3 1.90 245 0.0205 0.00564 0
2017 075 302.9 2.07  50 0.0256 0.00038 0 304.3 2.12  10 NaN NaN 0
2017 079 293.5 1.78 233 0.0412 0.00879 0 291.1 2.19  96 0.0346 0.00889 0
2017 080 285.0 1.86 221 0.0187 0.00987 0 288.5 2.64 205 0.0259 0.01531 0
2017 081 303.5 2.19  52 NaN NaN 0 318.7 4.18 200 0.0433 0.01406 0
2017 082 333.5 2.98 207 0.0134 0.00210 0 341.3 1.73 100 0.0156 0.00370 0
2017 083 328.4 2.07 115 0.0098 0.00181 1 334.1 2.04 210 0.0123 0.00286 0
2017 084 334.8 3.04 178 0.0137 0.00122 0 345.8 4.09 195 0.0201 0.00292 0
2017 085 306.4 1.49 184 0.0200 0.00181 0 306.6 1.74 118 NaN NaN 0
2017 086 322.6 2.31 203 0.0220 0.00168 1 314.5 3.94 195 0.0317 0.00569 1
2017 087 301.9 1.51 204 0.0487 0.00486 1 300.6 1.61 188 0.0608 0.00325 1
2017 088 300.0 2.91 192 0.0468 0.00275 0 313.2 1.79 205 0.0548 0.01146 0
2017 089 298.9 1.83  80 0.0259 0.00206 0 294.8 2.03 177 0.0342 0.00660 0
2017 090 290.7 2.85 207 0.0340 0.00838 0 290.4 2.04 129 0.0541 0.00555 0
2017 091 281.3 1.62 188 0.0654 0.01119 0 280.7 1.58 191 0.0435 0.01525 0
2017 092 286.5 1.65 205 0.0664 0.03527 0 288.2 1.72 195 0.1050 0.02711 0
2017 093 287.3 1.54 188 0.0419 0.00939 1 289.4 1.53 180 0.0477 0.00792 1
2017 094 288.8 1.68 213 0.0228 0.00091 1 291.5 1.84 185 0.0247 0.00087 1
2017 095 302.1 1.19  63 0.0243 0.00152 1 293.3 1.99 175 0.0234 0.00302 1
2017 096 323.3 1.95 204 0.0269 0.00231 1 326.8 2.00 175 0.0254 0.00448 1
2017 097 310.5 1.51 211 0.0230 0.00236 1 308.3 1.79 166 0.0258 0.00310 1
2017 098 307.4 1.59  95 0.0258 0.00146 1 314.6 3.68 162 0.0337 0.00554 1
2017 099 320.6 1.57 197 0.0418 0.00339 1 323.0 1.77 130 0.0386 0.00360 1
2017 100 327.6 2.02 212 0.1106 0.02428 0 315.6 2.46  50 0.1137 0.03126 0
2017 101 305.3 1.65 100 0.0370 0.01202 0 302.4 2.20 111 NaN NaN 0
2017 102 309.7 1.59 182 0.1102 0.01046 0 297.4 1.67 147 0.0752 0.00625 0
2017 103 293.0 2.95 192 0.0369 0.00933 1 291.8 1.64 160 0.0405 0.00730 1
2017 104 286.8 1.79 212 0.0339 0.01449 0 285.6 1.54 144 0.0876 0.01118 0
2017 106 281.8 1.63   8 0.1186 0.00219 0 284.4 1.48 171 0.1138 0.00570 0
2017 107 287.3 1.56 190 0.0938 0.00677 1 284.9 2.66 158 0.0864 0.00839 1
2017 108 285.2 1.50 188 0.0513 0.01414 0 291.0 1.91 156 0.0336 0.00518 0
2017 109 299.4 1.43 200 0.0310 0.00378 1 301.8 1.68 145 0.0403 0.00463 1
2017 110 302.3 1.71 210 0.0380 0.00158 1 298.9 1.66 151 0.0347 0.00305 0
2017 111 299.9 1.44 205 0.0303 0.00103 1 303.1 2.81 139 0.0312 0.00310 1
2017 112 295.1 1.57 203 0.0257 0.00320 1 303.5 2.43 165 0.0330 0.00681 0
2017 113 310.0 1.68 200 0.0222 0.00346 0 316.7 3.88 153 0.0245 0.00542 0
2017 114 304.6 1.81 200 0.0443 0.01272 0 306.7 2.44 153 0.0348 0.00342 0
2017 115 308.1 1.74 161 0.0300 0.00881 0 298.3 2.43  46 0.0499 0.00589 0
2017 120 344.6 4.34 204 0.0194 0.00229 0 329.6 3.93 163 0.0273 0.00411 0
2017 122 325.9 2.12 110 0.0406 0.00299 1 319.8 2.40 165 0.0410 0.00207 1
2017 123 306.8 1.39  95 0.0269 0.00536 0 309.3 1.86 155 0.0341 0.00357 1
2017 124 306.0 3.22 192 0.0194 0.00159 0 NaN NaN NaN NaN NaN 0
2017 130 299.0 1.31  90 0.0302 0.01227 0 301.8 1.74  40 0.0403 0.01350 0
2017 132  NaN NaN NaN 0.0244 0.00743 0 306.2 2.41  35 NaN NaN 0
2017 133 323.9 1.85 217 0.0356 0.00247 1 326.9 2.06 142 0.0337 0.00370 1
2017 134 306.4 2.22 176 0.0336 0.00626 1 300.7 1.98 172 0.0368 0.00576 0
2017 135 287.8 1.56 146 0.0775 0.02768 0 287.0 1.42 163 0.0378 0.00520 0
2017 136 275.2 1.82 181 0.0320 0.01341 0 272.6 1.71 160 NaN NaN 0
2017 138 277.8 1.65 180 0.0185 0.00131 1 290.7 2.19 190 0.0242 0.00814 1
2017 140 279.9 1.55 100 0.0379 0.01286 0 280.0 1.47 177 0.0311 0.00238 1
2017 141 289.1 2.68  75 0.0313 0.00324 1 298.3 2.37 142 0.0353 0.00155 1
2017 142 306.2 1.88 165 0.0366 0.00432 1 310.1 4.40 163 0.0351 0.00367 1
2017 143 290.8 2.21 185 0.0304 0.00352 0 291.3 2.98 165 0.0336 0.00668 0
2017 144 298.1 1.52 170 0.0295 0.00488 1 299.9 1.56 164 0.0261 0.00298 1
2017 145 303.7 1.73 190 0.0229 0.00355 0 306.9 1.65 170 0.0363 0.02655 0
2017 146 313.8 2.22 164 0.0181 0.00093 1 311.2 1.96 161 0.0238 0.00258 1
2017 147 308.0 1.53  40 0.0148 0.00082 1 313.0 3.18 176 0.0178 0.00299 1
2017 148  NaN NaN NaN 0.6383 1.63154 1 293.7 1.82 152 1.3350 2.12767 1
2017 149 297.8 1.52 179 0.0119 0.00073 1 303.8 1.74 168 0.0180 0.00405 1
2017 150 309.8 2.83 195 0.0196 0.00121 1 310.2 1.82 173 0.0219 0.00273 1
2017 151 305.7 1.55 188 0.0141 0.00189 1 308.9 1.67 164 0.0167 0.00173 1
2017 152 307.0 1.67 193 0.0147 0.00110 1 304.1 1.98 180 0.0186 0.00309 1
2017 153 293.0 1.67 184 0.0201 0.00085 1 292.7 1.80 185 0.0214 0.00296 1
2017 154 297.4 1.57 189 0.0314 0.00196 1 296.7 1.55 181 NaN NaN 1
2017 155 304.9 1.39 187 NaN NaN 1 306.3 1.52 156 0.0326 0.00027 1
2017 156 304.9 1.51 162 0.0343 0.00299 0 307.6 1.53 188 0.0331 0.00196 0
2017 157 305.1 1.52 178 0.0252 0.00125 0 307.1 1.58 166 0.0415 0.01338 0
2017 158 303.5 1.88  55 0.0323 0.00544 0 300.8 1.58 165 0.0330 0.01611 0
2017 159 296.1 1.70 192 0.0227 0.00483 1 299.2 1.70 179 0.0255 0.00341 1
2017 160 291.8 1.73  90 0.0197 0.00305 1 293.3 1.71 179 0.0311 0.00252 1
2017 161 298.2 1.82 172 0.0241 0.00131 1 304.3 2.22 175 0.0410 0.01018 0
2017 162 298.5 1.48 173 0.0311 0.00344 0 301.4 1.63 171 0.0345 0.00581 1
2017 164 291.8 1.53  60 0.0197 0.00187 1 299.9 3.21 181 0.0235 0.00342 1
2017 165 289.8 1.69 187 0.0182 0.00246 1 289.2 2.07 168 0.0203 0.00093 1
2017 166 286.4 1.78 147 0.0136 0.00155 1 285.8 1.81 100 0.0152 0.00459 1
2017 167 284.3 1.70 176 0.0172 0.00163 1 287.0 1.45 177 0.0246 0.00148 1
2017 168 287.5 1.89 183 0.0195 0.00276 1 292.9 1.48 137 0.0211 0.00122 1
2017 169 284.0 1.75 105 0.0175 0.00202 1 287.7 1.51 188 0.0201 0.00080 1
2017 170 281.0 1.51 182 0.0190 0.00325 1 285.9 2.51 183 0.0265 0.00224 1
2017 171 285.0 1.46 172 0.0215 0.00582 1 283.0 1.51 179 0.0449 0.00655 1
2017 172 275.8 1.73  95 0.1029 0.01520 0 275.7 1.54 150 0.1306 0.00913 0
2017 173  NaN NaN NaN 0.3039 0.07956 0 274.3 1.76  59 0.3191 0.01453 0
2017 174 276.8 1.89  45 0.5119 0.07670 0 279.1 1.80  68 0.5611 0.00356 0
2017 176 282.7 1.97  30 0.2693 0.00164 0 284.4 1.96 121 0.3054 0.00000 0
2017 177 279.5 1.60 155 0.2862 0.01228 0 280.0 1.73 162 0.3095 0.01914 0
2017 178 274.0 1.50 167 0.3487 0.01511 0 276.4 1.59 170 0.3371 0.00832 0
2017 179 277.7 1.57 162 0.1870 0.05491 0 282.0 1.54 191 0.0444 0.01156 1
2017 180 284.3 1.47 178 0.0103 0.00143 1 288.0 1.99 200 0.0165 0.00661 1
2017 181 283.3 1.45 167 0.0176 0.00111 1 285.6 1.68 175 0.0174 0.00131 1
2017 182 282.7 1.64 180 0.0128 0.00084 1 290.0 1.56 190 0.0170 0.00384 1
2017 183 285.8 1.43 178 0.0160 0.00185 1 288.5 1.70 181 0.0236 0.00260 1
2017 184 286.6 1.58 177 0.0195 0.00281 1 289.7 1.61 151 0.0271 0.00207 1
2017 185 294.5 1.45 168 0.0150 0.00093 1 294.6 1.64 190 0.0167 0.00128 1
2017 186 293.4 1.75 132 0.0218 0.00153 1 295.3 1.66 137 0.0224 0.00328 1
2017 187 303.1 2.16 187 0.0305 0.00136 1 299.3 1.44 170 0.0275 0.00224 1
2017 188 295.3 1.53 178 0.0252 0.00200 1 295.9 1.69 175 0.0283 0.00238 1
2017 189 295.9 1.45 173 0.0383 0.01190 1 298.8 1.58 180 0.0300 0.00642 1
2017 190 295.6 1.46 178 0.0210 0.00131 1 296.0 1.47 195 0.0175 0.00118 1
2017 191 295.8 1.44 168 0.0177 0.00170 1 302.1 1.88 179 0.0238 0.00282 1
2017 192 310.2 1.75 184 0.0311 0.00243 1 319.8 3.95 184 0.0347 0.00290 1
2017 193 295.2 1.42 168 0.0228 0.00476 1 298.8 1.52 164 0.0320 0.00212 1
2017 194 284.4 1.23 199 0.1796 0.01658 0 287.0 1.49 152 0.1765 0.01293 0
2017 195 287.6 1.42 165 0.3090 0.00278 0 287.4 1.64 143 0.3208 0.01695 0
2017 196 284.4 1.49 165 0.5345 0.08697 0 285.2 1.74 140 0.8232 0.03681 0
2017 197 291.3 1.47 170 0.5179 0.02974 0 288.2 1.67 135 0.5976 0.02116 0
2017 198 288.4 1.48 205 0.4132 0.03876 0 287.0 1.52 158 0.4355 0.02499 0
2017 199 291.6 1.90 205 0.2296 0.01276 0 294.3 1.63 159 0.2312 0.00952 0
2017 200 296.4 1.61 210 0.0632 0.01717 1 297.7 1.53 165 0.0387 0.01943 1
2017 201 292.2 1.22 130 0.0158 0.00288 1 288.4 1.46 110 0.0173 0.00327 1
2017 202 293.8 1.68 200 0.0131 0.00161 1 298.1 1.63 153 0.0143 0.00407 1
2017 203 302.9 1.54 191 0.0395 0.00317 1 304.8 1.60 170 0.0334 0.00369 1
2017 204 299.7 1.43 188 0.0245 0.00197 1 297.9 1.50 175 0.0578 0.02427 1
2017 205 287.3 1.50 122 0.2290 0.02986 0 284.7 1.54 150 0.3771 0.03294 0
2017 206 283.9 1.67  75 0.1944 0.02012 0 286.2 1.67 167 0.2240 0.02046 0
2017 207 284.3 1.59 170 0.3103 0.01749 0 283.1 1.61 158 0.2587 0.01990 0
2017 208 281.3 1.37 177 0.2318 0.00829 0 283.6 1.47 170 0.2260 0.01654 0
2017 209 277.5 1.49 183 0.2016 0.00798 0 280.5 1.57 159 0.2524 0.01799 0
2017 210 279.4 1.55 177 0.2576 0.00982 0 282.7 1.75 160 0.2010 0.03426 0
2017 211 283.1 1.55 164 0.1290 0.02148 0 289.0 1.93 141 0.0919 0.00625 1
2017 212 294.6 1.60 208 0.0191 0.00719 1 295.0 1.84 173 0.0192 0.00273 1
2017 213 295.3 1.60 183 0.0231 0.00305 1 295.9 1.73 160 0.0248 0.00414 1
2017 214 288.8 1.67 192 0.0180 0.00722 1 286.2 1.46 175 0.0179 0.00563 1
2017 215 285.4 1.58 188 0.0123 0.00418 1 289.0 1.82 181 0.0145 0.00191 1
2017 216 291.1 1.51 110 0.0202 0.00663 1 293.8 1.62 170 0.0252 0.00769 1
2017 217 286.2 1.37 193 0.0426 0.02265 1 287.0 1.70 155 0.0564 0.01063 1
2017 218 285.5 1.70  48 0.0670 0.01095 1 286.3 1.83 170 0.2163 0.11470 0
2017 219 281.2 1.77  80 0.8385 0.07170 0 280.8 1.75 155 0.9324 0.06210 0
2017 220 279.4 1.68 198 0.5192 0.04864 0 280.6 1.68 160 0.5486 0.03070 0
2017 221 279.2 1.38 192 0.2235 0.01598 0 280.8 1.38 147 0.2302 0.01429 0
2017 222 280.9 1.46 194 0.2099 0.02268 0 281.6 1.53 180 0.2078 0.01365 0
2017 223 275.5 1.45 204 0.1607 0.03470 0 278.8 1.64 180 0.1111 0.03095 0
2017 224 279.8 1.45  20 0.0569 0.01358 1 281.8 1.44 179 0.0511 0.02415 1
2017 225 283.4 1.53  95 0.0956 0.01335 0 282.5 1.59 178 0.1042 0.00603 1
2017 226 282.1 1.48 205 0.0780 0.01561 1 284.6 1.55 156 0.0529 0.01247 1
2017 227  NaN NaN NaN 0.0232 0.01410 1 288.2 1.55 175 0.0376 0.01277 1
2017 228 287.8 1.64 191 0.0437 0.03036 1 286.8 1.98 159 0.1047 0.01391 1
2017 229 285.6 1.77  92 0.1002 0.00668 1 285.3 1.42 155 0.1057 0.00899 1
2017 230 285.4 1.37 200 0.0646 0.00237 1 284.9 1.64 151 0.0481 0.00823 0
2017 231 285.0 1.39 189 0.0651 0.01819 1 284.5 1.33 155 0.1330 0.01828 0
2017 232  NaN NaN NaN 0.4713 0.03985 0 277.2 1.48  65 0.5186 0.06491 0
2017 233 278.6 1.55 176 0.5867 0.02593 0 278.5 1.58 145 0.6196 0.02603 0
2017 234 275.5 1.67 140 0.3845 0.02351 0 274.0 1.47 145 0.3162 0.02394 0
2017 235 273.4 1.20 116 0.2452 0.01188 0 276.1 1.47 140 0.2507 0.01657 0
2017 236 278.0 1.39 235 0.1070 0.00856 1 279.0 1.57 146 0.1279 0.00473 0
2017 237 279.3 1.73  70 0.2711 0.02392 0 278.7 1.42  75 0.3332 0.01855 0
2017 238 277.6 1.47 221 0.3616 0.04759 0 278.6 1.39 140 0.3671 0.04730 0
2017 239 271.7 1.56 221 0.2929 0.08474 0 274.6 3.92   2 NaN NaN 0
2017 240 273.4 1.84 162 0.1701 0.00917 0 278.1 1.83 163 0.1291 0.02976 0
2017 241 280.5 1.77 237 0.0174 0.00233 1 284.2 1.50 169 0.0199 0.00142 1
2017 242 289.4 1.44 231 0.0213 0.00144 1 293.6 1.51 161 0.0287 0.00246 1
2017 243 288.0 1.53 203 0.0193 0.00130 1 289.8 1.42 158 0.0227 0.00167 1
2017 244 283.9 1.57 167 0.0192 0.00205 0 284.0 1.64 170 0.0231 0.00530 0
2017 245 279.4 1.35 216 0.0173 0.00154 1 279.4 1.47 172 0.0192 0.00150 0
2017 246 276.0 1.55 221 0.0197 0.00649 1 275.2 1.60 173 0.0279 0.00223 1
2017 247 272.1 1.65 232 0.1548 0.02801 0 275.8 1.55 161 0.1822 0.02243 0
2017 248 273.6 1.43 217 0.2176 0.05995 0 276.4 2.01 175 0.0552 0.01856 1
2017 249 277.6 1.51 217 0.0196 0.00157 1 280.5 1.80  65 0.0202 0.00120 1
2017 250 281.1 1.75  85 0.0285 0.01155 0 281.4 1.56 173 0.0942 0.01760 0
2017 251 277.5 1.56 135 0.2012 0.01020 0 277.9 1.40 130 0.2413 0.02031 0
2017 252 275.8 1.37 208 0.1514 0.01158 0 276.9 1.52 161 0.1549 0.01305 0
2017 253 280.8 1.52 218 0.0654 0.00875 1 284.5 1.49 170 0.0389 0.00524 1
2017 254 282.6 1.42 212 0.0216 0.00222 1 286.2 1.73 178 0.0296 0.00305 0
2017 255 287.0 1.56 217 0.0768 0.00437 1 287.7 1.46 173 0.0467 0.00898 1
2017 256 286.0 2.13 210 0.0439 0.00315 1 285.6 1.60 175 0.0414 0.00395 1
2017 257 280.7 1.63 192 0.0303 0.00150 0 279.0 2.33  45 NaN NaN 0
2017 258 286.3 1.39 155 0.2029 0.02636 0 280.1 1.79  75 NaN NaN 0
2017 259 279.4 1.66 160 0.0920 0.02950 0 280.9 2.28 111 0.1879 0.00567 0
2017 260 272.7 1.72 182 0.1822 0.01599 0 269.9 1.66 117 0.1827 0.01326 0
2017 261 265.2 1.76 193 0.3862 0.02305 0 266.7 1.70 162 0.4027 0.03101 0
2017 262 264.2 1.51 202 0.4058 0.02831 0 266.2 1.61 136 0.4737 0.02032 0
2017 263 265.1 1.21 108 0.2471 0.03308 0 268.3 1.53 165 0.1810 0.03055 0
2017 264 271.0 1.83 222 0.0189 0.00112 0 275.0 2.08 175 0.0203 0.00273 0
2017 265 289.3 1.49 227 0.0287 0.00321 1 289.2 1.66 180 0.0311 0.00220 1
2017 267 280.3 1.67 183 0.1109 0.05626 0 282.0 1.64 181 0.1572 0.01140 0
2017 268 280.2 1.74 145 0.0932 0.00635 0 279.5 1.94  20 NaN NaN 0
2017 269 277.0 1.49 107 NaN NaN 0 277.1 1.50  16 0.0732 0.00000 0
2017 270 272.1 0.80  48 0.0485 0.01561 0 278.1 1.13  83 0.0377 0.00787 0
2017 271 278.2 1.68 237 0.0393 0.00401 0 281.5 1.67 138 0.0452 0.00469 1
2017 272 282.5 1.72  75 0.0243 0.00363 1 283.8 1.55 194 0.0254 0.00216 1
2017 273 284.0 2.29 252 0.0243 0.00565 0 281.0 1.82 217 0.0253 0.00226 0
2017 274 286.1 1.57 227 0.0256 0.00232 1 284.2 1.60 205 0.0251 0.00137 1
2017 275 287.9 1.56 241 0.0262 0.00365 1 288.8 1.58 194 0.0273 0.00111 1
2017 276 284.7 1.70 262 0.0261 0.00300 1 283.6 1.68 197 0.0294 0.00256 1
2017 277 281.3 1.50 242 0.0338 0.01568 1 281.1 1.63 190 0.0566 0.01330 1
2017 278 281.1 1.78 255 0.0819 0.01429 1 284.7 1.54 199 0.0336 0.01962 1
2017 279 285.6 1.59 253 0.0248 0.01099 1 283.6 1.99 194 0.1035 0.01887 1
2017 280 280.3 1.79 246 0.0222 0.00390 1 281.8 1.61 210 0.0258 0.00242 1
2017 281 278.5 1.96  85 0.0322 0.00767 0 278.9 1.58  15 0.0275 0.00000 0
2017 282 277.5 1.41 231 0.0246 0.00816 0 278.6 1.83 134 0.0322 0.00656 0
2017 283 275.5 1.33 165 0.0211 0.00421 0 276.3 1.69 132 0.0272 0.00106 0
2017 288 263.1 1.27  15 NaN NaN 0 262.7 2.13  50 0.1484 0.00426 0
2017 290 280.1 1.99  35 0.1905 0.01120 0 281.3 1.52  65 0.1263 0.00821 0
2017 291 280.5 1.37 200 0.0427 0.01156 0 279.9 1.47 219 0.0318 0.01213 0
2017 292 275.8 1.52 225 0.0230 0.00827 1 273.2 1.59 198 0.0219 0.00296 1
2017 293 265.9 1.68 216 0.0151 0.00169 1 265.3 1.52 214 0.0184 0.00135 0
2017 294 266.7 1.43 202 0.0169 0.00215 0 264.8 2.10 171 0.0338 0.00281 0
2017 295 269.8 1.54 191 NaN NaN 0 272.4 1.81 204 0.0338 0.01423 0
2017 296 271.7 1.62 190 0.0265 0.00278 0 268.3 1.90 135 NaN NaN 0
2017 297 265.6 1.64 177 0.0728 0.00931 0 263.1 1.74 140 NaN NaN 0
2017 298 266.0 1.85 202 0.0508 0.00268 0 265.9 1.52 205 0.0423 0.00404 1
2017 299 267.9 1.52 173 0.1560 0.00000 0 268.7 2.15 120 0.6155 0.42034 0
2017 300 273.4 1.69  60 0.0284 0.00513 0 272.6 2.20 186 0.0639 0.04904 0
2017 301 272.7 1.66 120 1.4799 0.23122 0 271.6 1.53 145 2.4159 0.00000 0
2017 302 272.7 1.54 207 0.0253 0.00509 1 270.2 1.54 180 0.0327 0.00773 1
2017 303 275.9 1.36 202 0.0242 0.00377 1 277.6 1.88 189 0.0368 0.00439 1
2017 304 280.0 1.43 191 0.0342 0.00765 1 280.6 1.40 182 0.0409 0.00665 1
2017 305 274.4 1.36 181 0.0295 0.00756 1 273.7 1.79 191 0.0352 0.00739 1
2017 306 273.9 1.37 195 0.0388 0.00532 0 271.6 1.83 160 0.0367 0.00513 1
2017 307 273.3 1.38 125 0.0285 0.00514 0 270.6 1.96  39 NaN NaN 0
2017 308 278.3 1.32 145 0.0244 0.00320 0 NaN NaN NaN NaN NaN 0
2017 309 281.0 1.32  65 0.0252 0.00134 0 NaN NaN NaN NaN NaN 0
2017 310 287.5 1.79 156 0.0259 0.00306 0 287.0 1.89  96 0.0294 0.00388 0
2017 311 307.2 2.17 119 0.0675 0.00222 0 300.9 1.47  55 0.1899 0.03422 0
2017 312 290.4 1.39 170 0.0652 0.00337 0 293.3 1.64 169 0.0490 0.00686 1
2017 313 285.1 1.40 189 0.0277 0.00263 0 284.0 2.42 153 0.0269 0.00368 0
2017 314 277.9 1.59 184 0.0417 0.00394 1 276.2 1.56 167 0.0522 0.00653 0
2017 315 274.8 1.47 183 0.1047 0.00626 1 274.5 1.52 157 0.1131 0.01243 0
2017 316 278.2 1.65 145 0.1276 0.00818 0 276.3 0.98  16 0.1309 0.00445 1
2017 317 282.2 1.35 183 0.1795 0.04227 0 281.3 1.46 150 0.1660 0.03132 0
2017 318 284.0 1.50 213 0.0681 0.00496 1 282.5 1.62 158 0.0885 0.00537 0
2017 319 281.9 1.42 218 0.0564 0.01038 0 284.5 1.53 130 0.0687 0.02001 0
2017 320 286.3 1.47 223 0.0665 0.00942 0 286.8 1.54 155 0.0901 0.00604 0
2017 321 293.9 1.45 146 0.0936 0.00398 0 294.0 1.70  10 0.1264 0.00000 0
2017 322 292.4 1.67 207 0.0490 0.00247 1 286.4 2.13 151 0.0440 0.00605 0
2017 323 287.4 1.59 212 0.0354 0.00204 1 293.2 2.78 156 0.0357 0.00102 0
2017 324 295.8 2.80 206 0.0563 0.00193 1 286.6 2.76 150 0.0481 0.00455 0
2017 326 276.0 1.54 201 0.0363 0.01288 1 269.7 1.50  89 0.0549 0.00577 0
2017 335 290.3 1.37  70 0.0284 0.00936 0 NaN NaN NaN NaN NaN 0
2017 336 284.2 1.68 198 0.0200 0.00289 0 NaN NaN NaN NaN NaN 0
2017 337 283.2 1.42 177 0.0232 0.00356 0 282.5 1.37 122 0.0243 0.00142 0
2017 338 284.9 1.52 192 0.0218 0.00378 0 285.5 1.53 127 0.0223 0.00184 0
2017 339 279.8 1.48 192 0.0308 0.01038 0 277.3 1.73 132 0.0478 0.01318 0
2017 340 275.4 1.24 117 0.0165 0.00120 1 271.0 1.34 133 0.0170 0.00036 1
2017 341 273.1 1.53 192 0.0161 0.00143 1 272.4 2.24 138 0.0163 0.00087 1
2017 342 268.2 1.36 188 0.0160 0.00136 1 268.3 1.55 123 0.0169 0.00045 1
2017 343 268.1 1.49 147 0.2730 0.00000 0 272.1 1.68 125 0.0253 0.00000 0
2017 344 284.3 1.34 187 0.0218 0.00172 1 284.9 1.55 124 0.0229 0.00136 0
2017 345 294.2 1.77 120 0.0267 0.00166 0 294.4 1.72  95 0.0313 0.00171 0
2017 347 277.9 1.62  40 0.0254 0.01133 0 274.9 2.08  95 0.0188 0.00240 0
2017 348 272.3 1.36 166 0.0284 0.00449 1 271.9 1.49 140 0.0307 0.00536 1
2017 349 286.1 1.35 171 0.0489 0.03311 1 284.0 2.17 131 0.0154 0.00124 1
2017 351 273.0 1.48 165 0.0110 0.00069 0 270.8 1.59 117 0.0114 0.00178 0
2017 352 266.9 1.37 186 0.0097 0.00070 0 271.7 1.50 138 0.0101 0.00198 0
2017 353 271.6 1.35 187 0.0123 0.00026 1 272.9 2.01 149 0.0140 0.00107 1
2017 354 271.9 1.47 121 0.0199 0.00330 1 271.5 1.59 145 0.0170 0.00182 1
2017 355 281.6 1.42 183 0.0132 0.00138 0 284.7 1.80 154 0.0152 0.00270 0
2017 356 276.5 1.44 186 0.0166 0.00139 0 278.3 1.53 141 0.0149 0.00210 0
2017 357 289.1 2.23 190 0.0144 0.00142 0 295.7 2.52  98 0.0141 0.00206 0
2017 358 323.7 3.55 185 0.0179 0.00070 0 325.7 2.89 153 0.0185 0.00113 0
2017 359 303.2 1.66 187 0.0147 0.00051 0 294.9 4.01 157 0.0155 0.00109 0
2017 360 274.9 2.96 187 0.0143 0.00113 0 271.9 2.65 164 0.0144 0.00205 0
2017 361 284.1 2.74 196 0.0139 0.00088 0 276.4 2.24 163 0.0120 0.00101 0
2017 362 273.7 2.04 202 0.0171 0.00096 1 273.1 1.50 160 0.0156 0.00105 1
2017 363 274.2 1.48 194 0.0142 0.00000 0 277.6 3.29  71 0.5367 0.00000 0
2017 364 295.7 1.40 178 0.0213 0.00120 0 297.1 2.28  70 NaN NaN 0
2018 001 288.7 1.33 207 0.0179 0.00057 1 286.9 1.68 166 0.0156 0.00118 1
2018 002 287.2 1.47 219 0.0151 0.00050 1 290.3 1.46 154 0.0168 0.00129 1
2018 003 291.2 1.74 190 0.0147 0.00046 0 286.3 1.89 163 0.0161 0.00162 0
2018 004 276.7 1.33 204 0.0172 0.00049 1 276.8 1.67 168 0.0181 0.00081 1
2018 005 262.8 2.47 190 0.0130 0.00036 1 264.1 1.91 173 NaN NaN 1
2018 009 271.6 2.62 208 0.0254 0.01786 0 274.9 1.40 171 0.0188 0.00886 0
2018 010 270.8 1.46 209 0.0113 0.00122 1 270.7 1.39 171 0.0121 0.00131 1
2018 011 263.8 2.81 205 0.0129 0.00125 1 259.3 1.52 167 0.0148 0.00159 1
2018 012 267.1 2.28 210 0.0130 0.00160 1 268.1 1.68  73 0.0163 0.00076 1
2018 018 303.9 1.54  54 0.0112 0.00054 0 305.5 2.21 201 0.0138 0.00186 0
2018 019 291.0 1.59 206 0.0119 0.00040 1 288.7 1.38 189 0.0128 0.00124 1
2018 020 300.0 1.64 227 0.0142 0.00150 1 296.3 1.71 193 0.0146 0.00397 1
2018 021 292.0 1.42 228 0.0161 0.00108 0 291.5 1.60 193 NaN NaN 0
2018 022 278.9 1.29 217 0.0138 0.00058 0 278.5 1.52 180 0.0149 0.00146 0
2018 023 284.3 1.34 217 0.0152 0.00109 0 283.5 1.75 185 0.0160 0.00147 0
2018 024 288.4 1.72 218 0.0153 0.00044 0 293.8 2.09 185 0.0178 0.00182 0
2018 025 293.9 1.71 213 0.0141 0.00111 1 294.2 1.38 170 0.0150 0.00202 1
2018 026 296.8 1.87 122 0.0160 0.00061 0 NaN NaN NaN 0.0169 0.00060 0
2018 045  NaN NaN NaN 0.0881 0.36354 1 318.3 1.92  82 0.0221 0.00162 1
2018 046 312.5 2.50 155 0.0308 0.00810 0 324.2 2.32  45 NaN NaN 0
2018 047 321.9 1.66 158 0.0286 0.00210 0 317.9 2.51 120 0.0350 0.00506 0
2018 048 294.0 1.90 126 0.0105 0.00100 1 296.5 1.56 104 0.0122 0.00249 1
2018 049 309.4 2.12 204 0.0164 0.00160 1 317.8 2.28 171 0.0173 0.00155 1
2018 051 313.4 2.12  85 0.0144 0.00258 0 NaN NaN NaN NaN NaN 0
2018 052 289.7 1.79 194 NaN NaN 0 288.7 1.72 165 0.0121 0.00218 0
2018 053 307.2 1.68 170 0.0132 0.00112 0 304.3 2.81  45 0.0160 0.00259 0
2018 064 267.7 1.50 222 0.0383 0.00227 1 268.2 1.55 125 0.0269 0.00436 1
2018 065 267.1 1.68 125 0.0195 0.01236 0 269.3 1.72 130 0.0189 0.00451 0
2018 066 265.8 1.64 146 0.0181 0.00463 1 265.1 1.63 184 0.0202 0.00181 0
2018 067 265.2 1.50 211 0.0178 0.00241 1 265.9 1.48 181 0.0444 0.01003 1
2018 068 271.9 1.71  65 0.0448 0.00632 0 272.6 1.95  35 0.0376 0.00304 0
2018 069 289.0 2.25 120 0.0148 0.00091 0 288.6 1.70 190 0.0153 0.00125 1
2018 070 292.6 1.83 199 0.0139 0.00045 1 291.7 1.96 166 0.0219 0.00812 1
2018 071 295.4 2.01 150 0.0261 0.00098 1 298.3 1.81 162 0.0291 0.00146 1
2018 072 291.8 1.61 206 0.0189 0.00082 1 289.1 2.32 179 0.0191 0.00073 1
2018 073 285.0 1.72  60 0.0179 0.00222 1 287.1 2.47 183 0.0279 0.01290 0
2018 074 300.6 1.94  15 0.0129 0.00000 0 304.6 5.06 131 0.0261 0.00589 0
2018 075 327.4 3.07  93 0.0167 0.00425 0 327.2 1.61  80 0.0408 0.01275 0
2018 076 310.4 2.96 153 0.0157 0.00505 0 305.8 2.27 125 0.0137 0.00164 1
2018 077 300.5 2.29 131 0.0108 0.00087 0 298.8 1.84  95 0.0141 0.00252 0
2018 078 290.9 2.42 120 0.0129 0.00133 1 289.7 1.80 110 0.0130 0.00195 0
2018 079 282.6 1.55 147 0.0151 0.00364 1 283.0 2.00 163 0.0143 0.00231 1
2018 080 278.5 2.12 182 0.0135 0.00179 1 280.2 1.95 144 0.0152 0.00106 1
2018 081 278.9 1.82 180 0.0124 0.00098 1 279.0 1.69 145 0.0132 0.00192 1
2018 082 278.1 1.36 125 0.0105 0.00070 1 287.9 1.62 115 0.0175 0.00455 1
2018 083 292.7 1.72 155 0.0169 0.00094 1 297.5 2.03 160 0.0299 0.02092 0
2018 084 307.6 2.18 160 0.0186 0.00585 0 313.7 2.12 158 0.0206 0.00129 1
2018 085 331.7 1.80 135 0.0824 0.00000 0 332.9 2.28 123 0.0296 0.02284 0
2018 086 322.7 1.90 145 0.0194 0.00587 0 319.4 2.13  90 0.0236 0.00000 0
2018 087 307.4 1.62 111 0.0772 0.00000 0 312.6 1.72 129 0.2139 0.07660 0
2018 088 314.9 1.87 158 0.1872 0.04262 0 320.5 2.79 125 0.4041 0.07913 0
2018 089 332.8 1.73 150 0.0784 0.03115 0 331.8 1.55 165 0.0331 0.01087 1
2018 090 322.0 2.29 155 0.0167 0.00215 1 312.2 3.82 148 0.0338 0.00624 1
2018 091 313.8 3.66 155 0.0432 0.00963 0 335.5 5.86 147 0.0600 0.01545 0
2018 092 323.6 3.16  60 0.0280 0.00451 0 307.9 2.80 138 0.0226 0.00406 0
2018 093 303.1 1.56 157 0.0347 0.00289 1 308.8 1.83 147 0.0419 0.00152 0
2018 094 302.1 1.69 155 0.0489 0.00175 0 304.8 1.67 130 0.0543 0.00388 0
2018 095 292.8 1.66 151 0.0405 0.00195 1 296.0 2.58 140 0.0374 0.00286 1
2018 096 318.3 2.24 130 0.0339 0.00314 1 316.3 2.13  99 0.0370 0.00230 0
2018 097 324.8 3.73  10 0.0281 0.00000 0 318.2 2.88 136 0.0298 0.00178 0
2018 098 315.4 1.52  80 0.0260 0.00126 0 319.8 2.02  15 0.0533 0.01916 0
2018 099 317.7 1.00   5 NaN NaN 0 NaN NaN NaN 0.0437 0.00000 0
2018 100 322.2 1.79 157 0.0189 0.00101 1 321.0 1.55 143 0.0238 0.00300 1
2018 101 319.3 1.94 146 0.0244 0.00279 1 318.9 1.80 134 0.0267 0.00188 1
2018 102 329.5 1.78 140 0.0458 0.00418 1 322.4 2.67  99 0.0398 0.00284 0
2018 103 314.0 1.48 125 0.0123 0.00080 1 313.9 3.18 140 0.0149 0.00370 1
2018 104 308.4 1.64 130 0.0181 0.00291 1 308.8 1.78 144 0.0291 0.00221 1
2018 105 319.9 1.73 115 0.0459 0.01409 0 313.3 1.53 134 0.0337 0.00158 1
2018 106 316.6 1.42 150 0.0325 0.00136 1 323.7 1.62 122 0.0359 0.00146 0
2018 107 327.0 1.89 145 0.0478 0.00672 1 349.0 2.28 144 0.0590 0.00853 1
2018 108 309.3 1.69 140 0.1295 0.02313 0 318.5 1.78 135 0.1214 0.01256 0
2018 109 316.2 2.83 150 0.1264 0.03164 0 321.8 2.20  16 0.0904 0.01316 0
2018 114 335.6 2.42  65 0.0457 0.00974 0 334.7 2.05  95 0.0770 0.01036 0
2018 115 326.7 1.95 135 0.0811 0.01041 0 323.4 1.77 123 0.1133 0.04338 1
2018 116 326.5 1.66 120 0.1297 0.01398 0 335.8 1.91 115 0.1221 0.00540 0
2018 117 329.9 1.36 105 0.0782 0.01801 0 324.8 3.14 111 0.0621 0.00600 0
2018 118 318.3 1.71 153 0.0463 0.00187 1 317.1 1.59 142 0.0480 0.01135 1
2018 119 305.6 1.54 133 0.0372 0.00676 0 305.9 1.61 145 0.0453 0.00830 0
2018 120 297.5 1.55 129 0.0248 0.00396 0 303.9 1.85 125 0.0398 0.00275 0
2018 121 312.5 1.38 125 0.0372 0.00267 0 315.8 1.67  90 0.0437 0.00305 0
2018 122 317.0 1.63  50 0.0369 0.00023 0 317.1 1.64   5 0.0430 0.00000 0
2018 128 326.6 5.52 145 0.0493 0.00295 1 324.1 2.01 150 0.0508 0.00184 1
2018 129 332.3 3.08 120 0.0419 0.00180 1 322.8 3.55 130 0.0375 0.00298 1
2018 130 305.1 1.46 144 0.0280 0.00134 1 309.3 2.18 140 0.0241 0.00161 1
2018 131 313.0 1.31  74 0.0280 0.00581 1 316.6 1.81 146 0.0320 0.00182 1
2018 132 308.7 1.46 144 0.0303 0.00862 0 309.6 1.56 142 0.0266 0.00362 0
2018 133 304.6 1.71 150 0.0249 0.00202 1 306.4 1.77 142 0.0307 0.00360 1
2018 134 306.7 1.42 129 0.0354 0.00405 1 306.7 1.58 148 0.0446 0.00947 0
2018 135 312.4 2.03 140 0.0385 0.00296 0 323.1 1.51 147 0.0446 0.00116 1
2018 136  NaN NaN NaN 0.0337 0.00132 0 333.6 1.61 149 0.0508 0.01741 1
2018 137 323.8 2.02 138 0.0423 0.00369 1 323.2 1.83 143 0.0399 0.00154 1
2018 138 320.5 1.75 142 0.0384 0.00461 1 327.6 2.15 139 0.0466 0.00201 1
2018 139 324.0 1.87 132 0.0463 0.00299 1 339.2 4.11 144 0.0566 0.00724 1
2018 140 319.2 1.98 147 0.0650 0.00240 1 324.4 2.25 127 0.0621 0.00235 1
2018 141 331.7 3.10 147 0.0427 0.00404 1 329.0 1.72 141 0.0376 0.00191 1
2018 142 331.2 2.15  86 0.0394 0.00188 0 NaN NaN NaN NaN NaN 0
2018 143 319.2 2.60 152 0.0298 0.00321 0 324.6 1.77 106 0.0298 0.00145 0
2018 144 314.9 1.54  68 0.0212 0.00076 0 321.0 3.15 101 0.0265 0.00242 0
2018 145 334.9 3.31 135 0.0364 0.00208 0 NaN NaN NaN 0.0349 0.00000 0
2018 146 329.5 3.44  55 0.0343 0.00132 0 315.8 1.85 115 0.0238 0.00178 0
2018 147 314.8 2.36  60 0.0271 0.00120 0 314.4 1.64 130 0.0308 0.00114 1
2018 148 321.6 1.72 105 0.0319 0.00136 1 318.8 1.77 140 0.0320 0.00206 1
2018 149 314.8 1.50 145 0.0316 0.00258 1 318.0 1.94 135 0.0403 0.00729 1
2018 150 321.8 2.48  45 0.0713 0.01938 1 NaN NaN NaN 0.0489 0.00171 1
2018 151 318.9 2.56 100 0.0417 0.00214 1 319.6 1.80 141 0.0469 0.00298 1
2018 152 309.7 1.83  45 0.0544 0.00898 0 321.9 4.24 131 0.0553 0.00353 1
2018 153 320.9 3.25 155 0.0540 0.00534 1 328.4 1.69 130 0.0527 0.00619 1
2018 154 321.6 2.14 149 0.0299 0.00320 1 322.7 1.87 143 0.0325 0.00083 1
2018 155 318.4 2.05 150 0.0274 0.00176 1 317.6 1.56 130 0.0349 0.00220 1
2018 156 312.6 2.28 150 0.0439 0.01324 1 319.1 1.68 141 0.0316 0.00335 1
2018 157 303.4 1.42 100 0.0260 0.00435 1 312.8 1.65 120 0.0316 0.00061 1
2018 158 317.0 1.51 150 0.0308 0.00252 1 320.0 1.85 111 0.0316 0.00196 1
2018 159 310.3 2.01 132 0.0260 0.00142 1 310.2 1.88 179 0.0276 0.00098 1
2018 160 312.8 2.38 152 0.0304 0.00213 1 317.6 1.83 164 0.0317 0.00147 1
2018 161 313.2 2.41 161 0.0346 0.00233 1 314.9 1.61 145 0.0361 0.00200 1
2018 162 302.1 1.59 133 0.0397 0.00343 1 302.5 2.26 131 0.0395 0.00515 1
2018 163 300.3 1.53 155 0.0326 0.00420 1 301.1 1.53 130 0.0333 0.00243 1
2018 164 299.9 3.60 102 0.0382 0.00738 1 315.3 1.83 140 0.0407 0.00316 1
2018 165 314.3 1.50  65 0.0897 0.00863 1 316.9 1.90 124 0.0690 0.00709 1
2018 166 320.7 1.80 143 0.0548 0.00404 1 321.0 1.92 146 0.0586 0.00141 1
2018 167 321.3 1.43 146 0.1115 0.00652 0 313.4 1.53 129 0.0458 0.01107 0
2018 168 319.7 1.91 127 0.0357 0.00373 1 318.0 2.12 141 0.0379 0.00311 1
2018 169 316.5 1.45 137 0.0397 0.01006 1 313.1 2.17 132 0.0533 0.00282 1
2018 170 309.0 1.47 126 0.0514 0.00307 1 303.9 1.61 132 0.0534 0.00522 1
2018 171 297.9 1.44 130 0.0416 0.00819 1 298.3 1.79 133 0.0435 0.00935 1
2018 172 294.4 1.00  42 0.0270 0.00384 1 298.2 2.06 150 0.0312 0.00141 1
2018 173 299.6 1.54 150 0.0299 0.00095 1 294.2 1.80 140 0.0255 0.00203 1
2018 174 294.3 1.89 148 0.0239 0.00236 1 295.6 1.82 140 0.0270 0.00165 1
2018 175 291.7 1.58 144 0.0289 0.00739 1 293.9 1.41 127 0.0345 0.00358 1
2018 176 297.0 1.56 136 0.0329 0.01538 0 298.8 1.59 141 0.0449 0.00513 1
2018 177 292.1 1.45 147 0.0297 0.00895 1 294.2 1.59 140 0.0342 0.00581 1
2018 178 290.7 1.85 142 0.0251 0.00250 1 294.4 1.70 138 0.0237 0.00198 0
2018 179 288.9 1.60 153 0.0180 0.00246 1 296.0 1.07  46 0.0238 0.00113 1
2018 180 305.8 1.79 100 0.0288 0.00243 0 311.4 2.01  35 0.0262 0.00065 0
2018 181 307.5 1.45 142 0.0284 0.00148 1 306.2 2.23 120 0.0263 0.00273 1
2018 182 296.1 1.53 148 0.0260 0.00505 1 297.0 1.65 135 0.0336 0.00491 1
2018 183 295.9 1.45 145 0.0319 0.00703 1 299.1 1.50 151 0.0317 0.00594 1
2018 184 292.7 1.77 142 0.2242 0.01191 0 294.7 1.74 133 0.3416 0.03263 0
2018 185 290.2 1.72 140 0.4600 0.03562 0 294.9 1.79 110 0.3641 0.04555 0
2018 186 295.2 1.59 115 0.3847 0.01714 0 295.8 2.32 113 0.3816 0.01313 0
2018 187 300.0 1.48 130 0.2053 0.03458 0 300.8 1.69 113 0.1185 0.03708 0
2018 188 298.5 1.90 135 0.0393 0.01766 1 299.1 2.18 138 0.1244 0.04025 0
2018 189 294.5 1.77 120 0.4509 0.02945 0 289.2 1.79 115 0.5851 0.02962 0
2018 190 285.1 1.53 105 0.5018 0.01778 0 286.9 2.22 113 0.5060 0.01596 0
2018 191 287.1 1.67 110 0.5190 0.01367 0 288.4 2.08  97 0.5273 0.01377 0
2018 192 288.6 1.89 120 0.5269 0.02476 0 292.6 1.71 104 0.5012 0.02108 0
2018 193 293.7 1.91 120 0.2198 0.05358 0 298.0 1.89 117 0.2434 0.04549 0
2018 194 297.9 2.06 120 0.1732 0.04365 0 299.8 1.83 111 0.1407 0.01537 0
2018 195 293.8 1.59 125 0.1238 0.00530 0 293.4 1.71 111 0.1869 0.01888 0
2018 196 296.4 1.52 115 0.1329 0.01865 0 299.5 1.51 103 0.0612 0.01785 1
2018 197 296.9 1.38 125 0.0253 0.00121 1 299.7 1.71 132 0.0253 0.00169 1
2018 198 295.6 1.63 115 0.0243 0.00294 1 296.7 1.81 106 0.0282 0.00180 1
2018 199 289.3 1.90 110 0.0565 0.03183 1 291.9 2.04 111 0.4785 0.18001 0
2018 200 287.2 1.51 109 0.2948 0.04131 0 289.1 1.86  91 0.4688 0.03956 0
2018 201 288.1 1.68 130 0.3955 0.04100 0 289.6 1.50  96 0.2769 0.02386 0
2018 202 288.8 1.82 125 0.2030 0.01140 0 291.8 1.58 130 0.1421 0.03190 0
2018 203 293.5 1.77 121 0.0944 0.01097 1 295.0 1.61 122 0.1210 0.00717 0
2018 204 289.6 1.63 131 0.1639 0.01374 0 292.6 1.83 100 0.1851 0.00795 0
2018 205 289.4 1.59 123 0.2672 0.01744 0 287.4 2.20 118 0.3102 0.02045 0
2018 206 281.3 1.74 143 0.2520 0.03505 0 283.7 1.76 108 0.2297 0.01783 0
2018 207 281.4 1.89 124 0.1342 0.01830 0 285.2 1.71 122 0.0704 0.02239 0
2018 208 287.2 1.54 124 0.0224 0.00582 1 289.2 1.74 101 0.0353 0.00272 1
2018 209 284.5 2.00 120 0.1904 0.01756 0 289.0 2.05 101 0.5290 0.07826 0
2018 210 287.0 1.73 121 0.4084 0.02953 0 291.1 1.86 100 0.2515 0.07885 0
2018 211 287.6 1.79 111 0.1204 0.01998 0 288.6 2.20 100 0.2037 0.02695 0
2018 212 288.4 2.29 122 0.1877 0.01489 0 294.8 1.56 120 0.0418 0.01329 0
2018 213 292.3 1.78 148 0.0239 0.00493 1 295.4 1.72 120 0.0330 0.00178 1
2018 214 295.0 1.73 133 0.0229 0.00590 1 296.5 1.51 120 0.0291 0.00292 1
2018 215 293.3 1.46 144 0.0276 0.00723 1 295.9 1.71 115 0.0327 0.00502 1
2018 216 291.2 1.59 135 0.2471 0.05121 0 294.0 1.80  96 1.0289 0.31257 0
2018 217 296.8 1.90 130 0.1587 0.04411 0 299.7 1.70 117 0.1364 0.01367 1
2018 218 297.8 1.44 130 0.3069 0.02511 0 295.1 1.60 113 0.3462 0.03666 0
2018 219 293.6 1.94 135 0.3510 0.08342 0 293.5 1.63 122 0.2922 0.01815 0
2018 220 292.4 1.70 148 0.2097 0.01598 0 293.9 1.38 145 0.1662 0.00776 0
2018 221 293.3 1.56 150 0.0512 0.00298 1 294.5 1.51 130 0.0406 0.01074 1
2018 222 290.6 2.46 134 0.0246 0.00539 1 293.9 1.62 142 0.0296 0.00213 1
2018 223 294.5 1.69 150 0.0245 0.00570 1 299.3 1.58 140 0.0549 0.00769 1
2018 224 287.1 1.53 100 0.2589 0.09571 0 286.1 1.86  50 0.3367 0.01772 0
2018 226 283.3 1.70 120 0.0821 0.00579 0 286.6 1.67 107 0.0812 0.01016 0
2018 227 288.4 1.93 125 0.0512 0.00915 1 290.9 1.62 138 0.0532 0.00809 1
2018 228 294.6 1.41 150 0.0231 0.00435 1 295.6 1.57 130 0.0299 0.00738 1
2018 229 294.7 1.78 135 0.0241 0.00538 1 293.6 2.26 124 0.0272 0.00366 1
2018 230 288.8 1.71 125 0.0272 0.00551 1 289.3 1.78 143 0.0277 0.00239 1
2018 231 285.8 1.65 140 0.0286 0.00517 1 284.3 2.41 145 0.0369 0.00471 1
2018 232 280.2 1.93 140 0.0426 0.01739 1 283.4 1.81 130 0.0599 0.00788 1
2018 233 282.9 1.79 140 0.0916 0.00675 1 285.3 1.84 135 0.1217 0.00908 0
2018 234 284.7 1.71 140 0.0711 0.01921 0 283.6 2.23 135 0.0990 0.01128 0
2018 235 282.0 1.71 125 0.1013 0.00534 1 283.4 1.89 143 0.1125 0.00330 1
2018 236 283.3 1.75 150 0.0645 0.00792 1 285.2 1.59 131 0.0640 0.00841 1
2018 237 288.4 1.92 125 0.0415 0.01576 1 290.7 1.66 143 0.0599 0.00279 1
2018 238 294.7 1.61 145 0.1010 0.01257 1 294.9 1.78 141 0.1169 0.00899 1
2018 239 292.3 1.47 150 0.0867 0.00588 1 293.6 1.52 134 0.0811 0.01653 1
2018 240 285.7 1.42 140 0.0353 0.00553 1 286.2 1.30 140 0.0421 0.00718 1
2018 241 284.3 1.77 130 0.0368 0.00684 1 288.6 1.67 139 0.0388 0.00432 1
2018 242 289.2 1.43 135 0.0510 0.00612 1 291.0 1.59 145 0.0481 0.00911 1
2018 243 289.9 1.71 145 0.0798 0.01876 1 293.6 1.44 131 0.1206 0.02327 1
2018 244 288.8 2.04 138 0.0628 0.02033 1 289.7 1.86 142 0.0700 0.02569 1
2018 245 288.6 1.66 141 0.0266 0.01049 1 287.8 1.65 147 0.0496 0.00701 1
2018 246 289.0 1.76 155 0.0354 0.00458 0 290.2 1.80 145 0.0591 0.02016 0
2018 247 284.6 1.41 136 0.1706 0.01736 0 283.5 1.50 130 0.1256 0.02372 0
2018 248 284.6 1.87 122 0.1047 0.02680 0 284.6 1.96  30 0.1481 0.00000 0
2018 249 288.4 2.00  46 0.1147 0.01512 0 291.6 1.76 140 0.0534 0.01754 1
2018 250 297.9 1.80 145 0.0316 0.00331 1 298.7 1.82 150 0.0313 0.00320 0
2018 251 298.0 1.90  90 0.0303 0.00335 1 294.7 2.05 155 0.0328 0.00312 1
2018 252 287.8 2.43 134 0.0233 0.00205 1 291.7 1.91 145 0.0262 0.00094 0
2018 253 290.9 1.38 147 0.0277 0.00287 1 290.9 1.51 148 0.0280 0.00210 1
2018 254 289.5 2.07 145 0.0334 0.00737 1 291.8 1.61 152 0.0472 0.00584 1
2018 255 283.7 1.04  70 0.0887 0.01520 0 283.6 3.39  10 NaN NaN 0
2018 256 273.5 2.37   2 0.1979 0.00000 0 275.9 2.30  23 0.1208 0.00000 0
2018 257 272.1 1.64  95 0.1299 0.03068 0 273.1 1.95  45 0.1406 0.01519 0
2018 259 280.0 1.56 147 0.0220 0.00840 1 283.5 1.74 152 0.0236 0.00129 1
2018 260 283.4 1.71 164 0.0252 0.00592 1 283.1 2.15 150 0.0305 0.00585 1
2018 261 285.5 1.31 160 0.0252 0.00586 1 283.1 1.79 160 0.0411 0.00488 1
2018 262 276.7 2.26  65 0.0285 0.01346 1 275.4 1.77 120 0.0818 0.01104 0
2018 263 276.6 2.01 145 0.0832 0.01645 0 278.7 1.88 160 0.0575 0.01559 0
2018 264 279.4 2.01 157 0.0245 0.00420 1 279.0 1.67 154 0.0244 0.00153 1
2018 265 279.2 2.18 179 0.0451 0.00683 1 279.3 1.99 152 0.0569 0.00987 1
2018 266 277.4 1.95 162 0.1466 0.01146 0 278.4 1.77 170 0.1518 0.00673 0
2018 267 276.6 2.56 160 0.1437 0.00623 0 277.7 1.47  72 0.1551 0.00468 0
2018 268 279.5 1.93 150 0.1079 0.00539 1 279.1 2.45 165 0.1125 0.00364 1
2018 269 278.3 2.16 180 0.0707 0.00773 1 278.5 1.69 180 0.0880 0.00590 0
2018 270 282.6 1.91 200 0.0548 0.00512 0 281.0 2.83 180 0.0567 0.00408 0
2018 271 288.2 2.32 140 0.0664 0.02439 0 290.2 2.03 185 0.0720 0.01113 0
2018 272 295.3 1.61 190 0.0454 0.01384 0 293.4 2.60 165 0.0508 0.00643 0
2018 273 292.6 2.33 179 0.0317 0.00703 0 292.4 2.10 180 0.0462 0.01211 0
2018 274 285.7 1.62 155 0.0278 0.01364 0 285.1 2.10 152 0.0822 0.01646 0
2018 275 282.5 1.84 191 0.0435 0.00834 0 283.1 2.01 184 0.0580 0.01251 0
2018 276 284.5 1.68 200 0.0310 0.00686 1 281.5 2.29 160 0.0306 0.00202 1
2018 277 288.7 3.01  80 0.0354 0.00442 0 285.8 3.08 131 0.0803 0.00333 0
2018 289 252.7 1.73 170 0.0206 0.00822 1 253.7 1.66 318 0.0227 0.00388 1
2018 290 259.2 2.28  73 0.0156 0.00858 0 260.5 1.71 167 0.0203 0.01430 1
2018 291 262.4 1.49 165 0.0325 0.00000 0 262.1 1.52 165 0.0235 0.00146 0
2018 292 278.1 1.61 115 0.0122 0.00864 0 NaN NaN NaN NaN NaN 0
2018 293 283.3 1.99 185 0.0113 0.00728 0 282.3 1.95  85 0.0286 0.00605 0
2018 294 281.0 1.57 105 0.0101 0.00264 0 279.1 1.74   5 NaN NaN 0
2018 296 254.2 1.40  95 0.0098 0.00282 0 255.4 2.01  35 0.0263 0.00123 0
2018 298 264.7 2.08   5 NaN NaN 0 NaN NaN NaN 0.0733 0.00000 0
2018 299 276.5 1.41  35 0.0267 0.00778 0 NaN NaN NaN NaN NaN 0
2018 300 281.5 0.80   5 0.0213 0.00169 0 NaN NaN NaN NaN NaN 0
2018 302 287.9 1.95  50 0.0391 0.00688 0 290.5 2.92 134 0.0294 0.00784 0
2018 303 290.4 1.30 125 0.0106 0.00267 0 289.8 1.70 105 0.0171 0.00559 0
2018 304 288.9 1.56 130 0.0100 0.00322 1 286.0 2.02 113 0.0134 0.00114 1
2018 305 278.5 1.56 139 0.0117 0.00286 0 275.6 1.71  56 0.0144 0.00109 0
2018 306 272.0 1.65 125 0.0138 0.00426 1 270.6 1.41  85 0.0173 0.00191 1
2018 307  NaN NaN NaN 0.0135 0.00273 1 269.2 1.63  80 0.0158 0.00108 1
2018 308 271.0 2.09 134 0.0139 0.00289 1 271.9 1.84 138 0.0149 0.00139 1
2018 309 270.2 1.48 100 0.0239 0.01001 1 270.1 1.39 140 0.0185 0.00123 0
2018 310 265.5 1.45  87 0.0113 0.00247 1 265.5 1.35 102 0.0134 0.00098 1
2018 311 260.8 1.56  90 0.0114 0.00346 1 260.3 1.45 155 0.0148 0.00173 1
2018 312 255.8 1.44 163 0.0134 0.00313 1 255.1 1.48 145 0.0159 0.00106 1
2018 313 254.1 1.74 168 0.0143 0.00246 1 252.8 1.80 161 0.0161 0.00104 1
2018 314 249.6 1.87 159 0.0118 0.00259 1 252.4 1.37 121 0.0143 0.00068 1
2018 315 255.5 1.32 128 0.0122 0.00228 1 255.6 1.48 116 0.0162 0.00111 0
2018 318 265.8 1.62 161 0.0113 0.00177 0 268.9 2.51  80 0.0133 0.00074 0
2018 319 275.6 2.18   5 NaN NaN 0 287.6 1.73  10 0.0186 0.00170 0
2018 320 252.6 2.05 135 0.0364 0.01266 0 248.2 1.84 164 0.0149 0.00115 0
2018 324 245.4 1.56 170 0.0125 0.00099 1 241.7 1.77 160 0.0186 0.00282 0
2018 325 236.7 1.30 165 0.0607 0.02377 0 236.3 1.67  45 NaN NaN 0
2018 329 246.8 1.85  80 0.0269 0.00543 1 241.4 1.79 176 0.0302 0.00756 1
2018 330 240.7 1.15 135 0.0351 0.01722 0 245.6 2.95 141 0.0257 0.00489 0
2018 331 245.5 1.43 170 0.0134 0.00215 0 244.6 1.43 160 0.0188 0.00383 0
2018 332 240.4 0.65  10 0.0128 0.00217 1 NaN NaN NaN 0.0149 0.00059 1
2018 333 247.0 1.70 165 0.0196 0.00692 0 249.0 1.49 170 0.0257 0.01103 0
2018 334 247.0 1.57 180 0.0154 0.00381 0 247.1 1.56 175 0.0191 0.00158 0
2018 335 248.8 1.55 180 0.0150 0.00755 0 248.7 1.54 160 0.0207 0.00275 0
2018 336 245.6 1.52 174 0.0144 0.00201 1 245.9 1.53 165 0.0161 0.00082 1
2018 337 247.1 1.47 168 0.0119 0.00187 1 247.1 1.45 172 0.0135 0.00090 1
2018 338 245.8 1.43 174 0.0101 0.00171 1 246.0 1.50 169 0.0159 0.01323 0
2018 339 250.8 1.61 155 0.0130 0.00179 1 252.2 1.54 169 0.0165 0.00494 0
2018 340 255.4 1.55 155 0.0225 0.00411 0 255.3 1.68 140 NaN NaN 0
2018 341 253.2 1.48 169 NaN NaN 0 255.7 1.44 165 0.0193 0.00170 0
2018 342 246.1 1.76 179 0.0363 0.00343 1 244.6 1.51 163 0.0402 0.00185 1
2018 343 245.4 1.57 158 0.0518 0.01132 0 244.3 1.43 168 0.0768 0.01485 0
2018 344 240.5 1.77 158 0.0755 0.00900 1 243.0 1.46  89 0.0829 0.00891 1
2018 345 251.8 1.80 169 0.0502 0.00158 1 253.7 1.74 170 0.0488 0.00267 1
2018 346 250.5 1.36 143 0.0161 0.00215 1 247.0 1.91 169 0.0154 0.00085 1
2018 347 239.2 1.56 140 0.0182 0.00261 1 239.0 1.46 158 0.0199 0.00090 1
2018 348 234.7 1.69 154 0.0132 0.00217 1 NaN NaN NaN 0.0153 0.00080 1
2018 350 237.6 1.38  60 0.0147 0.00137 1 236.7 1.56 157 0.0162 0.00061 1
2018 351 240.1 1.46 154 0.0172 0.00461 1 241.1 1.33 162 0.0325 0.00707 1
2018 352 254.2 2.80 102 0.0178 0.00234 1 258.9 1.72 164 0.0223 0.00344 1
2018 353 257.9 2.26 158 0.0202 0.01493 0 260.1 1.70  80 0.0168 0.00177 1
2018 354 247.4 2.21 167 0.0144 0.00194 1 244.1 1.71 164 0.0159 0.00107 1
2018 355 231.5 2.98 169 0.0137 0.00217 1 235.5 1.59 167 0.0182 0.00143 1
2018 356 228.4 1.55 174 0.0122 0.00203 1 228.8 1.54 167 0.0143 0.00116 1
2018 357 227.9 1.66 142 0.0106 0.00165 0 224.6 1.78  90 NaN NaN 0
2018 358  NaN NaN NaN NaN NaN 0 259.1 5.46 118 0.0290 0.00226 0
2018 359 242.3 1.73 134 0.0361 0.00901 1 244.1 2.20 166 0.0509 0.00646 1
2018 360 255.7 1.90  90 0.0228 0.00260 1 260.0 2.59 152 0.0226 0.00122 1
2018 361 279.3 1.58 164 0.0210 0.01942 0 274.7 2.06 147 0.0197 0.00258 0
2018 362 270.3 1.44 148 0.0120 0.00113 1 270.1 1.40  40 0.0137 0.00093 1
2018 363 272.3 1.57 168 0.0100 0.00128 0 270.9 1.31 165 0.0118 0.00086 0
2018 364 277.6 1.22 174 0.0252 0.01362 0 276.0 1.72 105 0.0284 0.01654 0
2019 001 255.1 2.94 173 0.0236 0.01527 0 251.1 2.00 144 0.0206 0.00747 0
2019 002 241.0 1.53 170 0.0113 0.00111 1 240.3 1.38 156 0.0143 0.00131 1
2019 003 247.5 1.80 180 0.0163 0.01353 0 250.0 1.42 162 0.0152 0.00271 0
2019 004 248.9 1.63 150 0.0367 0.01252 0 249.2 1.45 152 0.0336 0.01372 0
2019 005 254.0 2.03 176 NaN NaN 0 260.1 2.61 132 0.3463 0.26326 0
2019 006 251.7 1.52 169 0.0206 0.00432 1 253.7 2.57 171 0.0275 0.00746 1
2019 007 270.2 1.40 147 0.0233 0.00464 0 268.9 1.95 106 0.0215 0.00162 0
2019 008 274.8 3.00 135 0.1185 0.00000 0 270.7 2.37 125 NaN NaN 0
2019 009 274.7 2.07 161 0.0314 0.01080 0 277.5 2.07 169 0.0284 0.00243 1
2019 010 262.2 2.88 170 0.0148 0.00040 1 254.7 1.94 170 0.0162 0.00174 1
2019 011 253.4 1.46 145 0.0128 0.00191 1 256.1 3.18 175 0.0166 0.00192 1
2019 012 254.2 3.10 180 0.0115 0.00162 1 265.7 2.26 145 0.0186 0.00219 0
2019 013 261.2 2.23 180 0.0143 0.00177 1 263.1 1.43 170 0.0218 0.00295 1
2019 014 261.0 1.43 165 0.0286 0.01252 1 257.0 1.81 170 0.0497 0.00972 0
2019 015 244.8 1.52 180 0.0116 0.00343 1 246.8 2.06  90 0.0216 0.00432 1
2019 016 248.9 1.48 160 0.0179 0.01194 0 249.6 1.50  30 0.0176 0.00044 0
2019 018 245.0 1.78  20 NaN NaN 0 241.7 1.47 126 0.0095 0.00150 0
2019 019 240.1 1.43 157 0.0069 0.00148 1 238.6 1.62 147 0.0101 0.00099 1
2019 021 248.0 2.59  70 0.0077 0.00166 0 253.4 2.89 144 0.0103 0.00155 0
2019 022 257.8 1.70 105 0.0085 0.00164 0 260.5 1.66 166 0.0109 0.00112 0
2019 023 270.7 4.53 180 0.0098 0.00182 0 283.9 2.57 151 0.0136 0.00103 0
2019 024 271.1 1.56 100 0.0130 0.00103 0 267.7 2.12 105 0.0149 0.00121 0
2019 025 241.7 1.45 170 0.0064 0.00127 1 239.9 1.94 179 0.0107 0.00198 1
2019 026 244.3 1.56 155 0.0084 0.00253 0 242.9 1.56 135 0.0168 0.00542 0
2019 027 253.9 1.45 181 0.0110 0.00178 1 251.7 1.84 189 0.0125 0.00111 1
2019 028 248.0 1.63 183 0.0104 0.00259 0 251.7 1.78 185 0.0113 0.00111 0
2019 029 258.6 2.10 160 0.0242 0.01519 0 255.9 2.69 172 0.0226 0.00921 0
2019 030 259.5 2.40  67 0.0172 0.01440 1 269.6 2.01 105 0.0155 0.00157 1
2019 031 246.4 1.96 178 0.0193 0.01278 1 250.9 2.27 157 0.0153 0.00118 1
2019 032 268.6 1.78 148 0.0146 0.00420 0 265.0 2.13  35 0.0144 0.00039 0
2019 033 272.1 2.03 187 0.0133 0.00179 1 266.3 7.96 140 0.0149 0.00089 1
2019 034 270.4 1.98 177 0.0136 0.00119 1 268.0 7.04 163 0.0162 0.00069 1
2019 035 240.7 1.60 179 0.0095 0.00212 1 242.8 1.66 162 0.0203 0.00390 1
2019 036 242.8 1.76 188 0.0203 0.00711 1 242.3 1.67 130 0.0171 0.00358 1
2019 037 243.0 1.47 144 0.0109 0.00251 1 245.4 2.19 146 0.0164 0.00142 1
2019 038 266.5 7.15 179 0.0164 0.00444 1 284.6 8.34 150 0.0295 0.00285 1
2019 039 303.0 2.84 176 0.0120 0.00197 1 302.5 1.77  59 0.0183 0.00218 1
2019 040 276.0 1.58 183 0.0122 0.00260 1 280.0 2.89 157 0.0184 0.00108 1
2019 041 268.6 1.89 102 0.0097 0.00111 1 264.3 1.77 168 0.0117 0.00099 1
2019 042 266.8 3.42 180 0.0545 0.02538 0 270.3 3.27 157 0.0437 0.00733 0
2019 043 252.4 1.81 180 0.0471 0.01561 0 252.8 1.36 163 0.0737 0.00496 0
2019 044 252.0 1.60 180 0.0379 0.00412 1 249.5 1.34 176 0.0500 0.00858 1
2019 045 259.2 5.03 180 0.0445 0.00452 1 265.7 2.81 163 0.0388 0.00362 0
2019 048 263.6 3.35 185 0.0372 0.00619 0 259.6 1.63 135 0.0366 0.00525 0
2019 049 284.9 2.31  10 0.0128 0.00000 0 282.1 3.34 115 0.0165 0.00149 0
2019 050 272.8 2.39 185 0.0127 0.00213 1 274.8 1.70 165 0.0163 0.00213 0
2019 051 284.4 1.71 180 0.0194 0.00646 1 282.1 2.31  86 0.0206 0.00560 1
2019 052 251.3 2.02 115 0.0247 0.01660 1 246.4 3.14 157 0.0141 0.00169 1
2019 053 241.0 2.22 171 0.0238 0.01175 1 245.9 1.60 179 0.0314 0.00830 1
2019 054 252.5 3.88 185 0.0442 0.01074 1 262.6 2.17 160 0.0389 0.01082 0
2019 055 259.0 1.36 183 0.0278 0.01012 1 255.9 2.71 167 0.0325 0.00486 1
2019 056 249.9 1.61 179 0.0142 0.00466 1 252.6 1.73 131 0.0311 0.00406 1
2019 057 269.0 1.39 110 0.0325 0.00632 0 288.0 5.92 165 0.0638 0.00749 0
2019 058 295.0 4.53 170 0.0370 0.01206 1 280.6 3.57 159 0.0288 0.00500 1
2019 059 255.0 2.31 180 0.0285 0.01242 0 252.5 1.76 175 0.0456 0.01300 0
2019 060 242.5 1.75 180 0.0203 0.00359 1 244.1 1.60 178 0.0250 0.00147 1
2019 061 245.3 2.09 170 0.0262 0.00367 0 248.9 1.67 188 0.0278 0.00265 0
2019 062 251.8 3.01 185 0.0141 0.00236 1 249.1 2.10 175 0.0156 0.00162 1
2019 063 245.6 1.60 190 0.0157 0.00310 1 245.9 1.87 180 0.0186 0.00092 1
2019 064 242.7 1.57 191 0.0125 0.00541 1 240.9 1.67 164 0.0219 0.01099 0
2019 066 270.7 2.52 193 0.0205 0.00139 1 266.1 3.06 169 0.0201 0.00211 1
2019 067 256.8 1.59 165 0.0115 0.00363 0 255.7 2.20 154 0.0155 0.00178 1
2019 068 252.4 1.93 186 0.0108 0.00316 1 250.0 1.95 161 0.0142 0.00186 1
2019 069 247.1 1.90 202 0.0237 0.01213 1 249.1 1.60 167 0.0396 0.00647 1
2019 070 250.0 1.64 185 0.0291 0.00662 1 251.8 1.73 159 0.0337 0.00677 1
2019 071 255.0 1.80 206 0.0135 0.00403 1 256.2 1.84 175 0.0185 0.00280 1
2019 072 262.6 2.34 197 0.0152 0.00468 1 266.6 1.50 127 0.0309 0.00420 1
2019 074 272.4 2.37 204 0.0509 0.01798 1 271.8 1.75 186 0.0759 0.00402 1
2019 075 272.9 1.89 105 0.0464 0.00984 1 273.5 2.07 180 0.0645 0.00624 1
2019 076 263.7 1.59 200 0.0202 0.01258 0 266.3 1.60 165 0.0353 0.00551 0
2019 077 287.4 3.22 175 0.0274 0.00552 1 289.9 3.09 167 0.0278 0.00328 1
2019 078 287.2 1.51 165 0.0223 0.00157 1 289.4 1.82 170 0.0196 0.00136 1
2019 079 279.6 1.79 100 0.0253 0.01009 0 281.9 1.60  66 0.0291 0.00723 0
2019 080 282.7 2.38 146 0.0341 0.00665 0 284.9 1.75 136 0.0344 0.00201 0
2019 081 298.8 1.87  55 NaN NaN 0 313.4 5.52  50 0.0846 0.00808 0
2019 082 298.1 6.38 165 0.0298 0.00406 1 296.4 3.68 145 0.0267 0.00567 1
2019 083 291.1 4.37 110 0.0341 0.00617 0 295.5 2.49 125 0.0253 0.00273 0
2019 091 289.4 3.20  90 0.0192 0.00185 0 NaN NaN NaN NaN NaN 0
2019 098 294.3 2.24 147 0.0282 0.00215 1 295.6 2.13 150 0.0317 0.00129 1
2019 099 298.5 4.33 145 0.0393 0.00319 0 311.8 2.97 135 0.0442 0.00236 0
2019 100 309.0 3.85 143 0.0475 0.00384 1 318.6 2.77 148 0.0499 0.00226 1
2019 101 322.5 1.78 138 0.0397 0.01451 0 328.3 2.48 135 0.0404 0.00621 0
2019 102 311.4 2.01 151 0.0277 0.00268 1 293.9 2.55  91 0.0289 0.00252 1
2019 105  NaN NaN NaN 0.1038 0.01287 0 312.3 1.49  40 0.0798 0.00616 0
2019 106 318.0 6.64 136 0.0802 0.00526 0 324.5 3.59  90 0.0742 0.01124 1
2019 107 334.9 4.72  83 0.0363 0.00842 0 328.6 1.60  60 0.0390 0.01256 0
2019 108 300.1 3.43 141 0.0307 0.00710 0 NaN NaN NaN 0.0337 0.00442 1
2019 109 299.0 1.93 135 0.0227 0.00384 1 301.4 1.95 140 0.0268 0.00205 1
2019 110 304.1 3.22 117 0.0516 0.00565 1 296.7 2.12 124 0.0618 0.00464 1
2019 111 318.2 2.67 130 0.1021 0.01051 0 333.1 1.82 115 0.0915 0.00690 1
2019 112 351.5 4.43 125 0.0973 0.00213 0 341.1 3.94 131 0.0968 0.00631 1
2019 113 320.5 1.58 105 0.0206 0.00167 0 315.1 2.50 115 0.0317 0.00438 0
2019 114 315.4 2.32  45 0.0328 0.00442 1 342.8 2.79 110 0.0363 0.00144 1
2019 115 351.0 2.04 105 0.0403 0.01518 0 356.2 2.92 110 0.0513 0.01321 0
2019 116 343.7 1.44  60 0.0443 0.01190 1 331.9 5.73  80 0.0367 0.00125 1
2019 117 310.5 3.03 115 0.0307 0.00245 1 NaN NaN NaN 0.0336 0.00238 1
2019 118 290.0 2.03 105 0.0498 0.00882 0 NaN NaN NaN 0.0572 0.01174 0
2019 119  NaN NaN NaN 0.0421 0.00955 1 311.1 3.90 150 0.0648 0.01111 0
2019 120 297.7 1.96  66 0.0608 0.01138 1 300.9 1.03  35 0.0818 0.00900 1
2019 121 308.9 1.59 134 0.0613 0.00538 1 320.6 1.75 123 0.0574 0.00796 1
2019 122 315.2 2.03 125 0.0383 0.00409 1 316.1 2.22 145 0.0418 0.00182 1
2019 123 313.1 2.29 100 0.0467 0.00798 1 NaN NaN NaN 0.0652 0.00212 1
2019 126  NaN NaN NaN 0.0417 0.00506 1 305.9 4.46  85 0.0444 0.00421 1
2019 127 309.8 2.13 120 0.0409 0.00464 1 312.0 3.44 100 0.0506 0.00113 1
2019 128 308.4 2.20 115 0.0295 0.00287 1 305.9 4.15 100 0.0315 0.00206 1
2019 129 295.1 2.02  80 0.0300 0.00591 1 295.0 4.86 110 0.0421 0.00361 1
2019 130 297.5 2.18 110 0.0296 0.00716 1 299.7 4.28 105 0.0407 0.00257 1
2019 131 295.6 2.74 100 0.0455 0.02642 0 292.5 4.18 115 0.0471 0.01150 0
2019 132 295.7 2.77 105 0.0562 0.00874 0 297.3 3.72 113 0.0711 0.01593 0
2019 133 292.6 2.27 110 0.0315 0.00709 1 285.5 4.94  80 0.0445 0.00570 1
2019 134 288.9 1.80  55 0.0300 0.00511 1 297.3 5.16 146 0.0324 0.00101 1
2019 135 300.9 3.97 149 0.0270 0.00359 1 303.9 4.54  84 0.0357 0.01130 0
2019 136 308.4 3.50 150 0.0295 0.00563 0 305.5 4.63 138 0.0269 0.00322 0
2019 137 315.0 3.35 154 0.0274 0.00363 1 314.1 4.65 149 0.0307 0.00261 1
2019 138 326.7 2.72 145 0.0621 0.00509 0 318.1 4.20 144 0.0712 0.00697 1
2019 139 287.4 3.33 158 0.0483 0.00975 1 287.6 3.62 138 0.0246 0.00423 1
2019 140 284.0 2.58 152 0.0225 0.00442 1 284.8 3.43 138 0.0289 0.00111 1
2019 141 287.3 1.92 124 0.0228 0.00257 0 303.5 6.71  70 0.0303 0.00578 0
2019 142 310.4 2.17 100 0.0244 0.00343 1 306.8 3.26 128 0.0277 0.00412 1
2019 143 303.6 2.87 141 0.0297 0.00353 1 NaN NaN NaN 0.0465 0.00824 1
2019 144  NaN NaN NaN 0.0518 0.00211 1 309.0 2.50  60 0.0600 0.00229 1
2019 145 312.5 1.64 137 0.0393 0.00669 1 310.8 1.75 121 0.0350 0.00570 1
2019 146 305.5 3.05 130 0.0249 0.00348 1 301.3 1.60 142 0.0307 0.00189 1
2019 147 306.4 1.70 135 0.0433 0.01753 0 317.0 2.75 133 0.0866 0.02176 0
2019 148 317.0 2.06 135 0.0334 0.00331 1 309.0 3.09 128 0.0328 0.00384 1
2019 149 303.5 1.34 140 0.0239 0.00375 1 311.0 1.81 125 0.0347 0.00422 1
2019 150 310.9 2.05 105 0.0253 0.00343 1 310.7 1.64  80 0.0293 0.00146 1
2019 151 312.0 1.60 140 0.0386 0.00929 0 317.9 1.70 131 0.0445 0.00669 1
2019 152 312.9 1.42 105 0.1229 0.00949 0 322.8 1.56 123 0.0909 0.01356 1
2019 153 320.3 1.71 135 0.0906 0.02092 0 320.3 1.72 110 0.1162 0.01298 0
2019 154 318.0 1.58 142 0.1411 0.01110 0 320.2 1.92 125 0.1435 0.01482 0
2019 155 303.5 2.81 144 0.0637 0.00749 1 302.1 2.73 143 0.0656 0.01806 1
2019 156 302.5 1.49 156 0.0518 0.04992 1 311.3 2.50 126 0.1303 0.04581 0
2019 157 311.5 2.52 146 0.1288 0.02510 1 306.5 1.83 124 0.0939 0.02122 1
2019 164 310.8 1.66 148 0.0275 0.00269 1 313.6 2.25 138 0.0278 0.00192 1
2019 165 296.8 1.47 143 0.0232 0.00420 1 297.7 2.35 136 0.0282 0.00144 1
2019 166 283.7 1.59 157 0.0258 0.00651 1 285.3 1.84 143 0.0285 0.00650 1
2019 167 290.6 1.77 144 0.0186 0.00503 1 287.5 1.87 141 0.0219 0.00374 1
2019 168 284.2 1.52 157 0.0177 0.00371 1 281.5 2.06 146 0.0181 0.00402 1
2019 169 277.8 1.58 145 0.0136 0.00501 1 283.1 1.73 132 0.0272 0.00886 0
2019 170 280.1 1.59 148 0.0148 0.00434 1 281.9 1.51 151 0.0169 0.00238 1
2019 171 281.2 1.57 130 0.0177 0.00477 1 284.7 2.06 136 0.0239 0.00186 1
2019 172 288.0 1.41 139 0.0240 0.00318 1 291.7 1.51 141 0.0257 0.00150 1
2019 173 290.5 1.57 139 0.0262 0.00604 1 296.8 2.01 136 0.0324 0.00394 1
2019 174 294.8 1.53 155 0.0237 0.00545 1 301.2 1.46 131 0.0328 0.00423 1
2019 175 295.5 1.53 150 0.0328 0.01503 1 288.6 1.66 146 0.0570 0.01470 0
2019 176 285.4 1.56 133 0.0182 0.00553 1 295.8 2.67 136 0.0245 0.00259 1
2019 177 304.6 2.03 147 0.0210 0.00369 1 293.7 1.56 116 0.0214 0.00255 1
2019 178 294.7 1.88 135 0.0230 0.00273 1 295.9 1.79 131 0.0229 0.00163 1
2019 179 291.6 1.50 149 0.0139 0.00266 1 297.0 2.14 146 0.0201 0.00350 1
2019 180 296.3 1.53 145 0.0225 0.00462 1 292.9 1.79 136 0.0323 0.00410 1
2019 181 287.5 1.69 153 0.0198 0.00764 1 292.4 1.57 119 0.0271 0.00414 1
